0.247224600596 0.139498588388 0.103355356582 0.155561762343 5.52827585881 
0.156388443378 0.237668135365 0.199267934251 0.0697779551035 8.60897224472 
0.143629784331 0.108148981737 0.17679355369 0.217521866178 9.16761504734 
0.244860873006 0.0309262924887 0.225558303541 0.0819206253406 7.33434958489 
0.248496154431 0.0553158386143 0.16034007413 0.126333543654 5.65259350554 
0.115359739935 0.178798819732 0.140408986179 0.212300434291 9.81943175275 
0.126610765895 0.0145576461779 0.0222616041366 0.15997133772 5.28196522059 
0.175513532175 0.025483216744 0.0659485735552 0.0426680622813 3.07797679272 
0.126536931314 0.0307559148378 0.13841699786 0.239701234961 9.22014218532 
0.114335572279 0.0420733469264 0.0264635764026 0.0539585320695 3.07852247269 
0.178782171517 0.0188509495593 0.035770104523 0.212876813074 7.18674692813 
0.0787039361565 0.000900618547928 0.212132257194 0.201064475927 9.4061080632 
0.0360154581988 0.21516586275 0.0403895901466 0.1211470591 8.47195735345 
0.233480740151 0.0523238440003 0.114010366168 0.247953029048 9.02962707775 
0.0109464705983 0.216351709957 0.204861968425 0.113238343052 9.90624264059 
0.160901666237 0.0217227086993 0.0345431329078 0.163841137049 5.35647480643 
0.207415234527 0.216789899745 0.209846378788 0.0517617440888 7.54344517236 
0.0948785905495 0.0160143634837 0.108289292994 0.173644902628 6.3764017987 
0.227543739602 0.182177186066 0.172669560642 0.0562674402055 5.66591162562 
0.203641434448 0.00923017182412 0.0639409367897 0.00256183782967 3.00394658247 
0.0608197040638 0.0101056795667 0.0598899740704 0.0461025577317 3.28807934401 
0.165753350289 0.149403896624 0.195769135409 0.0675342533712 6.646676423 
0.218845528059 0.0592172246897 0.188454158225 0.191413329613 8.01769101414 
0.0905512498219 0.20333091994 0.000165249169928 0.235581452291 11.9884994696 
0.247335865431 0.00103256236845 0.202566307663 0.201346797874 9.23536696935 
0.125604986544 0.112315844774 0.155447693207 0.018789461639 5.24081142121 
0.181072288341 0.137608960646 0.163074746751 0.118897428929 6.14316067361 
0.0456129687669 0.230244150721 0.0418486067208 0.0334589727308 7.74029653018 
0.0361713649184 0.246032935182 0.225902709803 0.128172786916 11.4154799341 
0.183208712596 0.198932170157 0.233101834832 0.162679089391 9.55072064811 
0.12680140977 0.137556134954 0.120255779929 0.000110839435539 4.80336808387 
0.115161438434 0.191277083649 0.159256097259 0.118578517762 7.68644891049 
0.157202582008 0.028840192858 0.0214493256676 0.164265146317 5.33844254119 
0.183876532284 0.100954427444 0.16366205556 0.223087456613 8.83339820267 
0.183681586903 0.211265906351 0.0284786664196 0.246928837146 11.4674082665 
0.153819331191 0.023866108148 0.0184041535624 0.0390491049864 2.81405034452 
0.230419609696 0.248855313035 0.0390322093783 0.153244593044 8.26656679019 
0.242562114669 0.054495645262 0.158323886741 0.0594527444284 4.70972520751 
0.109175865875 0.170386630445 0.223567886292 0.210251512713 10.9489090457 
0.158589366021 0.00124917195601 0.053393395455 0.0345427555539 3.04417336228 
0.214572985408 0.00115856953775 0.130168175467 0.0875841929569 4.76598314823 
0.204397706049 0.168076937789 0.210639952246 0.076645060844 6.97408765062 
0.0312593879963 0.136574075071 0.181582162832 0.0214060125038 6.86040870078 
0.176639615724 0.0203253026804 0.0366781778527 0.0974098787311 3.63185905425 
0.181395981519 0.0789307703588 0.0664644170507 0.205048617178 6.9899129512 
0.189869209232 0.119844440351 0.206957893113 0.245227921033 10.5677665491 
0.240684197408 0.064265114357 0.12052221109 0.0837562474544 4.06365900212 
0.244045196524 0.0997623558338 0.182949837878 0.201121370309 8.01458857077 
0.133502383621 0.18112043817 0.0611469201583 0.114856284436 6.28447093222 
0.138088093405 0.0414831390674 0.212936139639 0.176434398159 8.51107539562 
0.24536126134 0.0429451153468 0.093903077548 0.155446525955 5.33370667739 
0.00439056011763 0.104444828465 0.140638599708 0.0236143877107 5.30668378427 
0.183663462526 0.109268097226 0.0876744317748 0.135262836903 5.06385486215 
0.00864940635572 0.0163397007594 0.0517452246202 0.137554566611 4.96018673784 
0.035445310745 0.0888176127224 0.0122118757671 0.00333854798041 3.50592792907 
0.0439838528551 0.00492717161669 0.0091130116136 0.0342838280924 3.01211924453 
0.0445057592383 0.0539093878928 0.0745514179742 0.212956820372 7.74890402964 
0.194221152548 0.0422460549148 0.160841561 0.122538260311 5.73718857462 
0.191053642602 0.248864902768 0.0434611000292 0.177568002793 9.76382624387 
0.184242172973 0.201974492901 0.0156297844603 0.0947677333536 6.05146569461 
0.00510003412342 0.188345084145 0.224203392249 0.00439438320488 9.56919178144 
0.242536814996 0.139264379903 0.0637179530612 0.0228913067463 3.07022225885 
0.0126178472903 0.226278591914 0.181194472749 0.133032054394 10.0508289494 
0.169943947797 0.0676861633478 0.0060013177596 0.173970837205 5.72235383526 
0.037673287384 0.170900857456 0.189243024389 0.0654389131712 7.79212513361 
0.021003542635 0.137977917688 0.054948510455 0.232143938618 9.86504010835 
0.00400879084901 0.00235985089566 0.145087881429 0.241082619373 9.66500980677 
0.249066969361 0.124849708987 0.153280372388 0.249040496619 9.42431638833 
0.00857982604728 0.237406046773 0.101799628748 0.190472590038 11.4542974815 
0.00640535368611 0.245647662898 0.13563140294 0.179078641484 11.4844055503 
0.210717163088 0.0117142475091 0.19537488656 0.047573855113 6.17456002383 
0.144984736452 0.234719331763 0.0153564387738 0.0824941387952 7.68748829646 
0.0519374763573 0.0114115212122 0.0661322873343 0.224791178297 8.04985549745 
0.149751009789 0.0232135902112 0.119092540147 0.069049026093 4.15962008921 
0.236292682782 0.199848699872 0.221599057403 0.157637198236 8.38133408229 
0.0511970528348 0.105466800696 0.0110435210575 0.235246943204 9.26455106196 
0.246429716681 0.0864462633699 0.122763134777 0.139798905542 5.12303092765 
0.0182466721505 0.150753031845 0.242936467569 0.14522068548 10.1131576894 
0.198959703404 0.228489024822 0.181806159383 0.0857384562626 7.43196914853 
0.0869827957201 0.178111852201 0.190677399948 0.064620033445 7.67919081691 
0.166920185496 0.202567997362 0.0389173089899 0.0586813170325 5.63305789229 
0.232376527094 0.095602434202 0.0275416892124 0.210730079385 6.96860913758 
0.205520470628 0.21837478673 0.123109582106 0.0899996537595 6.24247192249 
0.143587804217 0.126616463208 0.194259272961 0.204364632369 9.22203138926 
0.234566390852 0.188514046201 0.142624412092 0.0520048708122 5.00853503267 
0.233446323584 0.00256874879693 0.0402784581146 0.249334456284 9.07150615703 
0.035111465179 0.135818729187 0.0543029891146 0.150710678321 6.69542280807 
0.148319279303 0.142333699548 0.0845566282079 0.115859802845 5.342247491 
0.0682596807876 0.115443070485 0.24923379995 0.06180015843 9.0067404486 
0.187093463678 0.180398240705 0.212192409874 0.0568856310119 7.30859260878 
0.0637299051249 0.209988401591 0.0624495826789 0.22248848555 11.4320930165 
0.0793095526083 0.0136055434123 0.0293917033499 0.0957046370035 3.75285667059 
0.116909243601 0.152246591266 0.192544254684 0.155104664728 8.33252750221 
0.207832001735 0.0121383432585 0.0581912920847 0.173640838799 5.822424036 
0.0707278466046 0.15951778159 0.12932115412 0.184766422897 8.61837146264 
0.0648812448858 0.241694210832 0.017836148531 0.0303009908628 8.30858615119 
0.0753650750088 0.128235727346 0.0791519650862 0.0520327212446 4.56756898387 
0.136012242412 0.00560067221324 0.102248073261 0.00978083801434 3.60277182564 
0.114551667461 0.026332924883 0.249170804276 0.108705722362 8.70468335305 
0.217212532117 0.182360595405 0.054509021683 0.0336295213791 4.14175298782 
0.0163121030001 0.245666181274 0.071629347804 0.00054649662947 8.43547389118 
0.131623198306 0.0875467835176 0.0903650907785 0.136802714482 5.24588345955 
0.00932927620709 0.0159257565187 0.0750174133417 0.0542896854088 3.62627196398 
0.224090761495 0.0803072302962 0.131278171995 0.056163353488 4.00286746268 
0.0501781692405 0.118804921582 0.0798722331452 0.112943375961 5.44556062137 
0.186214710251 0.0513691741717 0.0904800384395 0.188884127192 6.45400672106 
0.0384375472247 0.238282708669 0.124439396048 0.208575418881 12.0652775883 
0.148176459973 0.160264982925 0.148934863168 0.180249030173 8.08558796769 
0.0182985566033 0.133863674424 0.131768576373 0.189746400202 8.51851742404 
0.0961361375298 0.0644689720514 0.0173939229052 0.0954692367561 3.8858964567 
0.106337863417 0.158406936468 0.214123527401 0.185363641068 9.80802996669 
0.133955570605 0.131816983013 0.249040033758 0.100772772636 8.88142507135 
0.105443225212 0.235134387324 0.14560841338 0.0576431592585 8.08212977363 
0.224470752891 0.23735253112 0.0271765025732 0.221340103851 10.5766018179 
0.23762760009 0.0707515473896 0.202773160122 0.0201964986045 6.05565033349 
0.200995715381 0.119713108397 0.218361700487 0.15303881452 7.92619239389 
0.0328635563892 0.113231206246 0.184181593271 0.0394550935452 6.58455583855 
0.0412537845136 0.0799064338064 0.0348752407582 0.0954107559516 4.27725663191 
0.115182904908 0.132314448882 0.042320376668 0.077256901541 4.5012366757 
0.23423340774 0.205521241444 0.106630428107 0.195397322203 8.08665536308 
0.00362223571275 0.183599273875 0.195377945282 0.200165179805 10.9149392013 
0.169319662142 0.0619150431292 0.23455179166 0.155924823626 8.60785587482 
0.0149892732399 0.212542666958 0.18720522347 0.122306075799 9.53757491036 
0.11824565534 0.0866191552563 0.128561103679 0.162302473143 6.48930650939 
0.0857058755191 0.0749711056234 0.0180107742531 0.0175513552929 3.15826565063 
0.212616502788 0.243022132897 0.131891403202 0.203625483688 9.85834328078 
0.226203637981 0.17982482723 0.191642689158 0.150816144818 7.41961175525 
0.213596566227 0.119100671246 0.23486337297 0.173320768304 8.7858110927 
0.139816422175 0.247136932413 0.140810417161 0.0935762085311 8.40420204312 
0.0869685364056 0.147069112072 0.00807425506054 0.194593923516 8.29373174718 
0.242388650222 0.0277495414485 0.0316519468211 0.0797420395599 3.26843175283 
0.207361998145 0.0957530809476 0.0655494303861 0.0509214063846 3.13269995999 
0.0212035301213 0.0201003222899 0.207059637187 0.139343742502 7.78691678357 
0.0460010167366 0.131437049736 0.15710429187 0.157628112291 7.77005666767 
0.119658240762 0.20458547938 0.249923284363 0.0932132900917 10.014267081 
0.241103452945 0.0078319090849 0.0681932596879 0.147215320174 5.17825766132 
0.0918074803134 0.167931499003 0.205917443902 0.182083207709 9.80123381106 
0.230729900209 0.132196668346 0.156580512807 0.101350810318 5.20503382878 
0.172608909735 0.177094109072 0.0573228146944 0.137142775542 6.27928833759 
0.130459889502 0.0597469874678 0.191815154679 0.0559265442517 6.05614395045 
0.0519799218581 0.131232959856 0.0331755965119 0.0846306472322 4.96344866431 
0.158244706574 0.143512756393 0.200578804586 0.104050583894 7.13141033457 
0.24518360432 0.118605160475 0.116828874796 0.249148294269 9.07069470781 
0.21504471645 0.228517598285 0.247222479624 0.143574925223 9.58285596587 
0.14044043376 0.170723033644 0.202079676807 0.223839016603 10.6829018762 
0.243633823033 0.194835984493 0.107839604587 0.122828613116 5.57660069081 
0.0522818677828 0.116917178298 0.142048575264 0.0774603405187 5.69412365914 
0.178104474828 0.164703246051 0.0115833113959 0.0585925010819 4.48452155544 
0.23593021962 0.170840008525 0.147356923184 0.0913027533744 5.20556989048 
0.0147378714077 0.121265484876 0.0784438123042 0.0097761160792 4.46502217893 
0.0247800547934 0.102520241719 0.229194437264 0.105524228483 8.45226092956 
0.193800893602 0.16474299434 0.160882694343 0.0100392702685 5.48311856515 
0.0781599027626 0.0817271538613 0.130005958192 0.0924136759278 5.11286869283 
0.12841641984 0.172467721519 0.0408214093278 0.0519308214274 5.06229166558 
0.131498141253 0.154467191312 0.216084478235 0.11260881904 8.09497135875 
0.00503738464329 0.093826778035 0.151165851776 0.115028602608 6.28786410628 
0.195642765505 0.140806799676 0.0768937903758 0.203756185466 7.52845639033 
0.143092632666 0.0722182781164 0.242424386427 0.0323836140367 8.13314994274 
0.200017354243 0.101757550756 0.00171170834569 0.137684269306 4.72779008951 
0.156777323904 0.182181420643 0.168620503304 0.141526927378 7.66805851534 
0.236368255464 0.0235994290369 0.199156573756 0.210690211907 9.15118116655 
0.236711702972 0.141287402056 0.0255819385301 0.221762148396 7.88834822081 
0.244061303271 0.0924612918201 0.249658216442 0.191061946955 9.53686559377 
0.124454567796 0.172607101107 0.141754442706 0.0400632589331 5.94976349873 
0.163070817634 0.142906065625 0.0684578297249 0.0655588554989 4.25701273151 
0.123928898123 0.0246159972404 0.226563543244 0.214296347274 10.0871015254 
0.228833782552 0.158397544342 0.0251069394027 0.162451078261 5.99629524061 
0.0140409989888 0.150080535865 0.182253070004 0.102266488946 7.63781796808 
0.03817652761 0.134370497886 0.182828832467 0.232602560425 10.7909178455 
0.0912025654294 0.207322315378 0.0754090421784 0.0546834881167 6.6146125872 
0.20862685771 0.172399835051 0.202907830086 0.103374929554 6.99368648252 
0.206476063713 0.092266977866 0.188417430174 0.0241661104934 5.60808686333 
0.0367597068044 0.150702690533 0.11880336397 0.241555862669 10.752567457 
0.225439126235 0.0182741618931 0.210264921003 0.0760782467241 6.80200450763 
0.0183442599255 0.20184601297 0.125029333341 0.21968808985 11.3011931007 
0.098331183708 0.0345971165923 0.123747014433 0.0794638251256 4.48834992515 
0.0352746315791 0.0495603778743 0.205896598303 0.0824358788983 6.99721330663 
0.0278897082546 0.130521151 0.116585063069 0.213076244648 9.13514609716 
0.0375041369213 0.217158673678 0.0319417894172 0.0378419526747 7.29000951459 
0.145842145634 0.00737324929758 0.0258095299619 0.0390511466214 2.89692614499 
0.0133907495459 0.163472007545 0.0411646475469 0.0187119181341 5.30880755802 
0.248282977334 0.0655233890736 0.0925572140012 0.131196581004 4.54613904095 
0.121445219413 0.152760895109 0.18133329289 0.010049314766 6.61306768737 
0.0347149715102 0.0685053248267 0.0205684772392 0.238262178521 8.8936229217 
0.132561588603 0.152150408732 0.114468171902 0.209033167053 8.73935427015 
0.0292555728028 0.0141437530827 0.167148682004 0.0826274875972 5.71182659638 
0.0804160101879 0.175683879026 0.0622350274887 0.237255242357 10.8131059098 
0.0288311710743 0.155819776379 0.020981175614 0.154537572709 7.3921195762 
0.136820585063 0.0888790017631 0.0187652027231 0.205825020578 7.26398940459 
0.0978158055773 0.1298369259 0.0150642475284 0.183007588458 7.32888010133 
0.16481865839 0.239733848514 0.193918147911 0.0628223565144 8.36918564435 
0.0848321160233 0.219210699284 0.152222359363 0.244661333814 12.6517805023 
0.230178226977 0.120424776478 0.229410497218 0.234534016782 10.3424367791 
0.0567634082235 5.16294452999e-05 0.00608894030153 0.131608992675 4.61328084809 
0.124491016848 0.196022337191 0.22088108338 0.0379240640138 8.61966011078 
0.0416508530045 0.07822493029 0.0531072791719 0.00315666006705 3.47058212635 
0.177806995123 0.071527249573 0.0503911346448 0.187735136538 6.23384961139 
0.0936808243565 0.241544073261 0.185996252149 0.229991565151 12.9248837075 
0.236915807324 0.15180490966 0.168825600446 0.00341331098549 5.09612019021 
0.202382555835 0.150085199196 0.193892115351 0.208365607822 9.05215637174 
0.0920637650992 0.067730970232 0.0980432897676 0.144483854785 5.55054527683 
0.0585184861641 0.113866446981 0.0607657728852 0.0436188024116 4.16142242012 
0.0222485622121 0.00293767699379 0.0540486081579 0.0293420606758 3.20738969098 
0.0489928033637 0.0569545851732 0.141497678251 0.0911781689552 5.24613126999 
0.23262228845 0.045201281434 0.0961563718431 0.0456579313383 3.3436968207 
0.228314646328 0.21149586175 0.199134207626 0.236433934759 10.654715826 
0.0490911566129 0.224525134536 0.165328714803 0.135479692561 9.62593481901 
0.237780962406 0.0527683714962 0.122454031681 0.0315171540311 3.70911275008 
0.217444494403 0.232337510887 0.0680748435543 0.0726145090865 5.97673041236 
0.101808726746 0.128245893649 0.130441129704 0.234523346152 9.74288439888 
0.0573894262355 0.21306854248 0.173238400098 0.211835785866 11.532182559 
0.101687046134 0.0656584256483 0.117350238136 0.172351124887 6.55759033736 
0.175800323526 0.00470162497893 0.200166593655 0.183195896788 8.43270239225 
0.226386306754 0.142182988786 0.167621874899 0.163363567705 6.8565995866 
0.225557264319 0.243777434332 0.238976842773 0.0327886780237 8.75483486585 
0.0781407359614 0.0203961298633 0.241661665408 0.115370504474 8.54945286447 
0.17417426929 0.0451099117573 0.152076012626 0.00866898712963 4.60674032148 
0.172193638998 0.106725093607 0.23062835642 0.00321316722761 7.72548084723 
0.0900103269407 0.239616727172 0.0432225868417 0.0512739771991 7.94583932367 
0.15671813911 0.151172429903 0.134320996686 0.0834483430453 5.45439524271 
0.241458324968 0.177907509567 0.063950809411 0.0422651675339 3.80801830513 
0.195186528232 0.00579496755531 0.0988535540267 0.199865833567 7.14268475648 
0.0977814847241 0.0743924782633 0.115928280918 0.023961391959 4.10239527026 
0.0166309839684 0.190803229657 0.0219039001257 0.233651123945 11.6664443161 
0.057127818797 0.20656432155 0.0664266794764 0.238346329702 12.0521731963 
0.0756092407404 0.144065037954 0.0850129217415 0.0252799463254 4.78385059542 
0.210509052062 0.203282240931 0.100761019957 0.0708761970271 5.31578727336 
0.125065004943 0.0694430988797 0.0980562053227 0.0671266674091 3.93442809177 
0.161774128039 0.131217505047 0.0951651633474 0.0227567365181 4.0059567049 
0.226323175609 0.210135208898 0.151618126738 0.0404826517768 5.65294873281 
0.0463186515978 0.125730706614 0.179466798532 0.12851884116 7.4804467779 
0.1122993008 0.179579164766 0.0618676022903 0.248284540762 11.1926752936 
0.143121211441 0.00536912304571 0.0185220745669 0.206532294729 6.99527551628 
0.120885556293 0.145418245898 0.169275754644 0.242132719567 10.6557808518 
0.196832953392 0.128628509512 0.245843066562 0.0954900964124 8.16166105782 
0.0753424203039 0.117191206861 0.188398527141 0.108127638937 7.11493528273 
0.234121757413 0.214455758553 0.244002718373 0.0207014262084 8.39543824006 
0.248339079565 0.156938635823 0.102892327304 0.227240821343 8.29451476466 
0.0431084991508 0.187094361506 0.246387760303 0.214068997943 12.3959157567 
0.00823022511465 0.240800942523 0.0278358215098 0.190997988444 12.0097240793 
0.00804325269429 0.216010278447 0.114893025692 0.0750207620771 7.89302617139 
0.183145903522 0.0111078882996 0.103642737247 0.172722857483 6.19435676944 
0.236216874719 0.0201593409655 0.062178394575 0.023051535569 2.96836191565 
0.162615797594 0.201874683096 0.135837403705 0.168384262744 8.31466070732 
0.220724480606 0.125005546002 0.0455755325826 0.239703715361 8.60210546379 
0.0193398603612 0.0319615779991 0.0244415777732 0.181842681756 6.29011960624 
0.224800798014 0.245424608489 0.117097845496 0.241685990901 11.268591163 
0.24304955859 0.102698978905 0.0942728289941 0.0440491596331 3.21342190894 
0.125952258941 0.244145097609 0.164454023591 0.158223132961 10.0647008003 
0.0524038056453 0.246934898526 0.183041947348 0.0627101123203 9.67056668494 
0.0413206944657 0.106474908437 0.174426542599 0.00419086427749 6.22529166037 
0.173778472751 0.169988701448 0.206136458257 0.169963237371 8.72219525279 
0.021468927941 0.242272115016 0.0328798095603 0.10926656575 9.55131803444 
0.130861544393 0.0459702830582 0.0813721983687 0.156645572575 5.47157992413 
0.170185114079 0.171298914289 0.0145176240443 0.125589259224 5.9664226561 
0.0571487242821 0.0472487242951 0.200036306085 0.141860221865 7.57998513096 
0.145897110775 0.218450225007 0.0539052290699 0.203336788851 10.1438658469 
0.100558242843 0.0112085561264 0.0140519834363 0.0805252523257 3.4235675151 
0.128385449771 0.147491484878 0.145400995985 0.111276730942 6.27445041184 
0.0837728260273 0.219840468891 0.194459967256 0.0539544209175 8.78781181259 
0.140549896497 0.202619935334 0.182759282773 0.17255716867 9.33079699847 
0.16453266465 0.0852676460271 0.19666249648 0.103375307571 6.52430546645 
0.132965189952 0.209038166725 0.126572717385 0.114264698128 7.45407832401 
0.0245540354892 0.0475867843236 0.115174403471 0.165949747065 6.46837404114 
0.210825453233 0.0493909864727 0.203093791506 0.132235443408 7.01806117113 
0.0254078514392 0.137340389365 0.0933046420792 0.21686971055 9.27204378714 
0.212136196898 0.0316047051167 0.00954210217517 0.137090781637 4.44166509393 
0.0928317269614 0.238963910775 0.173342901403 0.11440060758 9.45412276622 
0.188972606513 0.0629479863709 0.0723525044708 0.0657695814462 3.30471397362 
0.00912923147257 0.225233871378 0.0970389245559 0.0229501725115 7.69946697298 
0.202170034047 0.0361255308922 0.0966070680541 0.229649902843 8.1461634541 
0.145291594237 0.082625208643 0.0188952351702 0.00140886419482 2.92776100064 
0.237979837129 0.0723677430024 0.196460643462 0.0986815505267 6.12926827234 
0.200896430897 0.0460500477506 0.206479923119 0.201516699191 8.88214504928 
0.223868119014 0.218712046872 0.121426048852 0.070499474064 5.67954388545 
0.0803962069504 0.0601766318858 0.223531785451 0.142303486042 8.30902952827 
0.195643229315 0.12308833775 0.167015445809 0.214292629593 8.60986367472 
0.242482598532 0.0244885220713 0.178686228434 0.0588440867354 5.56164933192 
0.130046110081 0.0192247935829 0.106557799579 0.217687380826 7.90243027864 
0.105968289572 0.15893226485 0.105954937279 0.183901915123 8.12047902628 
0.185775434678 0.0378808113036 0.0385255480349 0.0248705866695 2.70646606915 
0.0221922264246 0.0749347232185 0.00740297602922 0.0877548704516 4.12071697023 
0.204189016559 0.135323194665 0.204288144159 0.00837328998969 6.46078720175 
0.00967566916612 0.239335475966 0.127390896378 0.208085071385 12.2168959271 
0.0552608912983 0.0687480900608 0.182430909448 0.114673391112 6.68012010233 
0.0291008426624 0.0263837929763 0.237928714171 0.180200155675 9.69192179694 
0.147257626036 0.244842632699 0.186501025159 0.234488481735 12.5289658421 
0.172423391471 0.0793590771357 0.0391717373599 0.185218753129 6.18402236014 
0.102531021392 0.208795989213 0.147241776772 0.113492278884 8.00747721775 
0.213643166911 0.0972035853502 0.166616169262 0.193003426295 7.59444641824 
0.103743940484 0.0982410705758 0.241532057951 0.147602705258 9.13065411507 
0.169833756488 0.0580853064212 0.237066112508 0.0473401275323 7.71301092079 
0.188768535699 0.248607874666 0.197046150636 0.0389087668879 8.23222123826 
0.0335067176616 0.203439340999 0.217398666535 0.112601922532 9.79920427532 
0.133986504656 0.193191042357 0.170973785747 0.0587222604274 7.0322897921 
0.191738066101 0.183482499864 0.0939912145365 0.140125957618 6.38115089816 
0.0364516791252 0.236578659973 0.0220586135561 0.214844285544 12.711777114 
0.141273512246 0.143585357779 0.204944109356 0.0571954102605 7.05207943517 
0.115828252029 0.0923528184466 0.170960392178 0.148081398093 6.96700926323 
0.0813723204046 0.0344708895793 0.129704992855 0.241479617728 9.30979358135 
0.104156932477 0.234086303069 0.117659028935 0.117857780841 8.62825346417 
0.124116296673 0.219391196931 0.187243466714 0.196177214144 10.7291964314 
0.0687851485031 0.245510288813 0.000780032298126 0.0130083880781 8.60319280245 
0.146843747941 0.104592909849 0.0882275327572 0.169920003749 6.27650011557 
0.118357861813 0.0125156674868 0.249120143855 0.0326778312783 8.60108028976 
0.194827809583 0.165656394825 0.0900742029803 0.22257536605 8.79476153635 
0.167259226039 0.201535889337 0.0137642647634 0.0302948067967 5.47871739873 
0.0674385183223 0.0199374780713 0.0124317079764 0.0570654135626 3.1675352193 
0.245192651517 0.00386528315265 0.00823623784306 0.0290710036019 2.95294419112 
0.0213396771413 0.144513445916 0.0502140956057 0.00367543055922 4.75315693765 
0.184876716324 0.191963269545 0.141669476154 0.0325893037276 5.65804266977 
0.0518954272256 0.138887874495 0.0373592766429 0.198292719926 8.33148771365 
0.214714865058 0.154255143622 0.166609875122 0.0371257042552 5.24458888242 
0.144662126042 0.214063728642 0.157106654198 0.203922359615 10.2410340778 
0.145488727191 0.205073125286 0.105857737245 0.223407536996 10.4537702891 
0.0483075680484 0.0465218592933 0.0999274064396 0.0879427369107 4.38372587377 
0.13980775258 0.214468724569 0.0635606504094 0.148194858582 8.14229985274 
4.14317983963e-05 0.0566789700706 0.0478661838572 0.118666534257 4.67129865495 
0.143419460554 0.167693881684 0.110847768317 0.0493216682894 5.20314716007 
0.189681543101 0.034667840563 0.185092565035 0.18959366305 8.04718516519 
0.0935368972861 0.0930384471612 0.187947415898 0.0782015697972 6.4125348811 
0.155889032182 0.0163201579415 0.0334907216722 0.143580228213 4.76049071836 
0.0196816005961 0.125819326408 0.154449436207 0.0783080472153 6.23152780424 
0.212410676874 0.139246763883 0.103464494684 0.231650436503 8.63953653922 
0.233811249263 0.0057333176468 0.108650010317 0.131603360343 5.22451083193 
0.0384059776737 0.129796957249 0.0459705954875 0.0488803920422 4.54227353964 
0.157307117109 0.0758407588484 0.142806926199 0.00425476452362 4.46451091354 
0.186434452402 0.139953861957 0.219064069825 0.247484274526 11.0769908291 
0.0295585221951 0.18914049233 0.17922664594 0.0609118489723 7.95810397159 
0.076994257465 0.218823779979 0.179606089132 0.164372989856 10.1481812387 
0.207950445394 0.234744463167 0.162349819694 0.235023541292 11.0861816593 
0.152873191754 0.182743145658 0.0391701345725 0.206838956228 9.06703516122 
0.106367431933 0.248966052643 0.183612985449 0.246453138105 13.6821316069 
0.15569202753 0.0706747595773 0.0980196007145 0.120804484364 4.70751703241 
0.171889655636 0.184413241193 0.109660374061 0.216782326386 9.30690220124 
0.142343325854 0.061250205632 0.052492273103 0.144627642598 4.93294109942 
0.0221425732137 0.246878709386 0.0431889383772 0.246594484887 14.5303898602 
0.200178986875 0.0585279025785 0.240633117741 0.124368118586 8.20527345179 
0.199940103933 0.147146329744 0.12410722711 0.214837740113 8.3103342066 
0.109624090826 0.0268886714029 0.0697794970607 0.0896224171082 3.82233157011 
0.209904864177 0.0311189868503 0.236654199369 0.201999537586 9.8486390463 
0.0405951386557 0.131014754396 0.111112249157 0.170059494268 7.50925894893 
0.188285582259 0.125348993687 0.235726995958 0.197976355326 9.68484438359 
0.208404826661 0.196127005146 0.0994685460184 0.232644636874 9.74926907904 
0.15269374805 0.143820851142 0.0341564797635 0.178189990648 6.98785653738 
0.216302850179 0.101652875861 0.197330016058 0.0978228486491 6.21002124358 
0.107563942538 0.225634457036 0.242518743908 0.146125522276 10.9858841098 
0.137884569493 0.226044242365 0.157083654275 0.105688909164 8.11864623403 
0.134936090021 0.141930650263 0.0845208143268 0.130806993902 5.79714914178 
0.190238550181 0.103640754622 0.0774263572951 0.00903965248565 3.21088189534 
0.0174141546367 0.101942151837 0.0258936091877 0.0934136563363 4.63807173869 
0.115558520903 0.00782428316984 0.139676477798 0.033629541604 4.47904301321 
0.238611517428 0.217353728791 0.170282585202 0.151038443903 7.45739547432 
0.0686666523465 0.176892465605 0.216307647297 0.00473493528718 8.72353818603 
0.0232051094153 0.180989240735 0.0349191152793 0.207590391712 10.0719041425 
0.137171676596 0.0626294537702 0.13225202796 0.0841806866522 4.65968894673 
0.164791963244 0.162633875847 0.125610780425 0.21344445889 8.88921653497 
0.16410837265 0.0725530930376 0.0392548809301 0.0596680054272 3.14345004505 
0.0125129228821 0.00228537919476 0.0597303389576 0.0534325959649 3.46048500852 
0.0423513874071 0.102610641585 0.0322426108592 0.0300135682327 3.80645716935 
0.00352821261251 0.247228867015 0.010672768997 0.178299875749 12.0795220789 
0.128446695487 0.178973789901 0.139610708578 0.0281370801472 5.97858046999 
0.0942728945996 0.104502075711 0.125541109072 0.192876378467 7.75193864992 
0.0927015913827 0.111052580257 0.0579607956942 0.0259730990263 3.80997057916 
0.0507759287527 0.0775068376789 0.0571579198097 0.123927505372 4.91993488481 
0.134932633931 0.208328979155 0.000780604032546 0.150730638766 8.44177133963 
0.224212362578 0.0118732980599 0.19193502032 0.0848017445792 6.28718717151 
0.230405654508 0.170717082171 0.165025782805 0.0802710931117 5.48853236281 
0.0686216744376 0.0744267292842 0.149882340634 0.17541417941 7.35575266939 
0.0684181629514 0.183238424434 0.224576967466 0.0185113581695 9.07453427535 
0.0753365300048 0.0256909760514 0.100509243699 0.155178619735 5.75513183065 
0.0652816291192 0.129437615914 0.183391656737 0.220094068035 10.1189269944 
0.231392278848 0.110204500181 0.105747302319 0.217105663627 7.61981502508 
0.0882609836397 0.236114778434 0.227747478998 0.160430138423 11.3612437416 
0.215279520052 0.0978525320985 0.171082786913 0.030341581619 4.99064750351 
0.0445171044017 0.19941519419 0.119206995866 0.0375018684998 6.91300570215 
0.0637376693216 0.184006595654 0.0742580511797 0.0866844801017 6.45949209623 
0.0512205386213 0.19410315397 0.121499815574 0.117792147639 7.75201842002 
0.142283100344 0.0481581570984 0.153029056915 0.150467672398 6.32246880204 
0.03893566574 0.13255260143 0.0908534885202 0.0170237204598 4.76445080719 
0.0674247090883 0.219622255481 0.00879344928867 0.140735818292 9.22098853195 
0.00242842357185 0.214291219946 0.0506898990822 0.123202527038 8.56300500251 
0.0163806734145 0.159522720511 0.175333930402 0.226408453722 10.9653102308 
0.115570628313 0.239407996568 0.0699043183063 0.0203886675245 7.37559569344 
0.136434435528 0.0904143753579 0.072400567712 0.0190564864593 3.38063637555 
0.112443179289 0.0296351754336 0.0847898644813 0.197389285292 6.91756505379 
0.207121449575 0.21014763269 0.0557585337849 0.0997329030423 5.888381242 
0.0422422475271 0.210123278581 0.249779955063 0.163769067896 11.7006089353 
0.24294393563 0.20128648885 0.0332049826613 0.224783592653 9.17836060265 
0.143805602846 0.0324792966514 0.110575652334 0.138971694289 5.28006485173 
0.0290115125661 0.197131829933 0.159653952111 0.150341636632 9.1644834158 
0.189294391694 0.00220181036963 0.226057789799 0.0316998775931 7.51257075622 
0.043886311626 0.173820736161 0.0659895122175 0.16727259337 8.20609888518 
0.236142095797 0.215981474363 0.136190233767 0.152589104959 7.10981324384 
0.104204428603 0.179956498709 0.2218181101 0.127617512143 9.14329383781 
0.147043204324 0.138131829057 0.0894467138985 0.10727808477 5.13766165621 
0.11359507415 0.0514294076124 0.189572672366 0.137659887494 7.01964865988 
0.133276856741 0.161889648747 0.139793094744 0.0551070030052 5.68748870269 
0.0817142715142 0.0709439170236 0.0824932337648 0.156691783461 5.80784230911 
0.197785312231 0.204597816785 0.0309127786679 0.0892507681473 5.74525440037 
0.197111280029 0.211987999711 0.0287178457324 0.184402524653 8.6029535377 
0.169442818825 0.112140279999 0.214460384994 0.192870911954 9.02429682985 
0.00783255798174 0.0908577567327 0.188559492055 0.12487172662 7.34248998794 
0.207130588669 0.0827460743971 0.216105229214 0.0122834967112 6.74059808015 
0.233125406299 0.0268082565013 0.189415030326 0.249096833189 10.3749435069 
0.100954434543 0.195962867843 0.22843866545 0.167759129224 10.4483249447 
0.171719652289 0.0334793662144 0.187164030286 0.176405297182 7.74239888084 
0.0329929336284 0.159853646072 0.218776186467 0.0061895687365 8.67907566034 
0.0419505677924 0.0894579946253 0.0604560022039 0.130832589707 5.29133514223 
0.0724275204874 0.218581426444 0.0790397518094 0.156862201177 9.23660082736 
0.15371187047 0.127090204965 0.125579931908 0.247684015956 9.88908726918 
0.0749593499436 0.236229603453 0.237022221718 0.222932586798 13.403957017 
0.0289246952178 0.115708757512 0.0664026993438 0.168142779598 6.8780375397 
0.0182361939935 0.140923478088 0.206080115796 0.022083276817 7.81813441745 
0.230039519409 0.0215057270216 0.0353429780853 0.167708069796 5.47205037177 
0.107382667953 0.0783244062021 0.168181449533 0.109531964763 6.07033053817 
0.192319906243 0.0644298349181 0.168105873152 0.180011223762 7.28596708438 
0.232327569266 0.142677481157 0.121908342357 0.0807388574 4.34741234183 
0.190341594879 0.178978043612 0.0581936574507 0.00196074583425 4.32296611876 
0.0483575878224 0.0287379857478 0.106832988119 0.0225640040829 3.85259872648 
0.0256118251996 0.0692288452185 0.0676471831801 0.0856359935893 4.20741242638 
0.181974269908 0.227335461166 0.203696948279 0.0475536374366 7.98699420325 
0.0312852719619 0.150259282538 0.154114848594 0.205893248234 9.65222032053 
0.0452781122209 0.160012884357 0.148245456929 0.184964696535 8.99837979906 
0.0500625756018 0.000419079193489 0.153735746604 0.0116580939436 4.99594838626 
0.0863204074077 0.224440664113 0.150517534132 0.210844988333 11.410773157 
0.0223798125746 0.107543201741 0.186608338663 0.0343659528896 6.62365172747 
0.24882977925 0.211172504433 0.0367251203588 0.0867710356421 5.07803529856 
0.0701993857507 0.0109199189188 0.173183307362 0.0586596746255 5.60732270907 
0.0805007956877 0.174179863252 0.05432173568 0.0456528726408 5.47394202284 
0.042821467309 0.115338447379 0.0849824341533 0.0829422191963 4.91155690159 
0.241976653421 0.0795528321852 0.0244944963202 0.138262457996 4.34562948335 
0.049265536066 0.204214145173 0.143969240213 0.239468744688 12.1723799771 
0.0263772987338 0.13947233341 0.148865992706 0.224727407401 10.1168677412 
0.166716847677 0.0686613661692 0.0662041721369 0.158970353526 5.36856176238 
0.0681478594441 0.133337902085 0.111659686685 0.189584042639 8.08318050741 
0.108604107755 0.094651764492 0.217973679612 0.0111706299266 7.41312280176 
0.0979381047562 0.0657702554154 0.0362233588391 0.200478650897 6.99944349557 
0.223858600546 0.193251114106 0.197196692356 0.0607617095302 6.54967064788 
0.203900947381 0.157509817928 0.178100042554 0.133022424516 6.73918690258 
0.218729014932 0.169058285435 0.0481850947476 0.0784015516903 4.293375649 
0.148349422257 0.0877176376174 0.083443898033 0.224291824072 8.12641015307 
0.2055533347 0.101372715548 0.0332183533208 0.0583055463473 3.10270817899 
0.0648839899533 0.0393073510088 0.19395223838 0.157762607546 7.71580550955 
0.0283842135249 0.114733075845 0.171920833082 0.0624331942528 6.33986471224 
0.232834949715 0.014071098553 0.0792539458299 0.0482867131784 3.37093215836 
0.142891413971 0.125774662933 0.0735147332 0.0144591325151 3.80835906802 
0.194162722278 0.165269122609 0.171401461401 0.0209569022906 5.74334965378 
0.0408057643468 0.212175224073 0.0148412374859 0.174036446811 10.0549823065 
0.185833040572 0.0718084795131 0.206349898598 0.224133953498 9.6372807836 
0.0245643213487 0.0251479478895 0.14307687019 0.241469527152 9.60944945844 
0.023205907392 0.244919915217 0.198919821699 0.0245246194281 10.0911298458 
0.235418522721 0.0675271205872 0.165597620385 0.178788932617 7.04946338835 
0.0899510570284 0.090949207206 0.00882741166846 0.0839821736927 4.02755377998 
0.0365197463735 0.19085213949 0.00048097387633 0.0654868444505 6.73182057969 
0.098789621536 0.146711835198 0.155499818715 0.00333416087402 5.96745663033 
0.0915878481606 0.0235146199072 0.212374181051 0.166645235234 8.38605167874 
0.228416418552 0.0533850694194 0.21798953455 0.0750118576208 6.80719480176 
0.0580737338567 0.105545590894 0.0657939969838 0.0202352790791 3.92795627935 
0.153632751664 0.0950636329809 0.20207443275 0.191570197619 8.68107367284 
0.102597451937 0.0568819857914 0.0204689679497 0.110390530355 4.10824276038 
0.173279919961 0.0458324501091 0.182166369299 0.0575507099927 5.58947669832 
0.0995626595155 0.0165480858498 0.00497916749059 0.183100254338 6.12631083102 
0.189604162892 0.103301871259 0.20392548986 0.12002412022 6.89815370469 
0.0251876476378 0.0559840372966 0.00353779694704 0.103701791077 4.21588308689 
0.086260424944 0.127965954953 0.231945011037 0.00566353622239 8.51662969318 
0.218328776961 0.0926138729423 0.00823123107928 0.0740646352237 3.1675486593 
0.183548183273 0.120572435875 0.236935534702 0.244685261184 11.2781799058 
0.228135042791 0.2466930397 0.168619795602 0.128921675175 7.81427949595 
0.0866792448813 0.0709921631851 0.157198387483 0.0283840617257 5.1270514492 
0.201620223583 0.0927940576687 0.241983249806 0.215169136468 10.2059588698 
0.00143665758144 0.180143634963 0.145894205002 0.147596920886 8.52627513605 
0.0193633290077 0.23572296133 0.153421735081 0.109193087249 9.49259499807 
0.0444981398562 0.119865010163 0.221524753866 0.00128882753659 8.20307325229 
0.140239268435 0.148156120558 0.0394525124768 0.0619751938 4.43409686469 
0.195064237339 0.243080568626 0.183434293683 0.0164011516347 7.66732112945 
0.155796486374 0.0461567564286 0.0181563362365 0.232408995799 8.04617042783 
0.0635991123888 0.228279656971 0.013967962669 0.24049814677 13.3928320426 
0.101074135086 0.185971629126 0.171977960532 0.231651391626 11.2164349312 
0.218610567913 0.244783987359 0.0752648288087 0.166897045224 8.5398287453 
0.19515646684 0.120485885001 0.00702299031601 0.160716498748 5.67330481762 
0.196988679955 0.0648265527947 0.131099104498 0.0741993603873 4.27739632547 
0.118286724873 0.02157505344 0.0189258839013 0.0230163335045 2.78840853833 
0.116218991329 0.0571858389512 0.128788418472 0.170713501719 6.57075881641 
0.192633756834 0.209766182121 0.0873248725 0.133607983563 6.86522222543 
0.093879051398 0.0671784149843 0.0170844039615 0.0555190506133 3.31879153748 
0.10738354984 0.090950358386 0.234948338388 0.193762429478 9.8973316587 
0.221199664878 0.229022387812 0.177666730014 0.195358622091 9.37123207992 
0.23487686145 0.0784849304776 0.085042328813 0.161360505176 5.32392043754 
0.139896299011 0.138849875987 0.196856750044 0.0678943779132 6.78744256579 
0.0785686096895 0.0851825932031 0.193467689139 0.156381753134 7.84310676435 
0.0577654846856 0.161576516977 0.0381334372335 0.232501271084 10.3726666732 
0.165737158876 0.013372734498 0.123903140022 0.0547801416721 4.14307189759 
0.244652610444 0.111658619649 0.200111938198 0.0632357969664 5.84270381707 
0.0730149429281 0.187800046114 0.188672334143 0.0486395419015 7.87698409239 
0.1770552738 0.0336383706809 0.217847296623 0.239267144854 10.5990480182 
0.013140098918 0.0225131053738 0.0996126255457 0.202801011834 7.4923810078 
0.234412872502 0.0868604698743 0.116037287409 0.0706605665701 3.80736972106 
0.219155448741 0.00925665387061 0.0194689048097 0.170577157447 5.63737305691 
0.228476471417 0.0579154028616 0.0741528625177 0.0502913187384 3.04511322813 
0.0581494188742 0.218227791057 0.190550186852 0.128305014417 9.6584857392 
0.143579611502 0.134392301619 0.220710729032 0.144928055618 8.4169582177 
0.244834449551 0.129497511363 0.211549209538 0.192822810705 8.41984890443 
0.233066759195 0.104695794014 0.220387500818 0.0304053559033 6.67025772863 
0.167477007474 0.156361365052 0.200859098761 0.173208943191 8.56722069331 
0.045716846529 0.199048514834 0.120377846242 0.150900251154 8.71811030096 
0.207913390878 0.238576392312 0.177542527814 0.209042333225 10.3060845761 
0.0801617967471 0.230314050336 0.0764600791074 0.163569497518 9.84652882047 
0.139708155394 0.0771519103434 0.0545962486077 0.0118450124793 3.06218116706 
0.184258272891 0.109901063209 0.159777503714 0.167686649906 6.94291517672 
0.132589074214 0.187238130701 0.117855116831 0.193977907942 8.99826190052 
0.0497159774628 0.154459717264 0.0537392069456 0.227954466214 9.97820961603 
0.0262044140765 0.0348019745194 0.0987780802931 0.00788970863613 3.76075018326 
0.107001991309 0.078218439444 0.0379907146963 0.0575077865412 3.43430759755 
0.06827275258 0.213896966418 0.18502047651 0.215631620419 11.758361774 
0.0341208607655 0.183928115069 0.102580670213 0.0406427124412 6.30791352179 
0.21407703787 0.21608228261 0.222274521396 0.189686211932 9.78647029028 
0.113343878047 0.103536825906 0.124456695747 0.175962618219 7.04761844255 
0.051810566159 0.141108326754 0.0976411335636 0.112385869821 6.02917346349 
0.0968277886874 0.180528428144 0.127841050121 0.245300092536 11.3266294838 
0.160461986448 0.16261851641 0.0513282177011 0.00155592681938 4.24139734647 
0.225838027946 0.155430764032 0.133855742784 0.0574962174438 4.51334170889 
0.152813909005 0.0645530585313 0.0367841059467 0.209438619822 7.12666859658 
0.0559231062444 0.099251489178 0.0686319641028 0.158960307259 6.21888653212 
0.0312019665498 0.23156767755 0.121299851484 0.142110368952 9.69953633974 
0.206297595397 0.00550357982948 0.0386173746433 0.134034475005 4.58621696222 
0.0616236298465 0.222420670003 0.199440357198 0.0831879961543 9.34322420678 
0.108313229624 0.111169913391 0.0888934189102 0.215028342571 8.27992022643 
0.0859287051016 0.0863302217865 0.158697511746 0.0355145494433 5.29952653979 
0.159523358657 0.242609782156 0.139931950769 0.0568474823197 7.53184844411 
0.205063180969 0.247749207932 0.12824826677 0.0407885917425 6.69532516011 
0.0560619080179 0.00332986064039 0.105029474621 0.143792744749 5.55079540457 
0.205724984374 0.195869332257 0.118139513395 0.105921512484 5.89498029045 
0.201684919924 0.0388585408793 0.0955686947289 0.0188028527171 3.27348041077 
0.156078171045 0.000947635471262 0.168780841049 0.0552664711037 5.37643177649 
0.169848353278 0.160032406401 0.181092191107 0.195502297214 8.85107622505 
0.198451366581 0.0741784662441 0.181932751935 0.180066987866 7.56264138077 
0.164576883402 0.181117807933 0.0741921992393 0.113427463446 5.93425164194 
0.0196476268488 0.0159954271118 0.22064285704 0.113656040219 7.84030786839 
0.113058178282 0.0543582976692 0.082753103499 0.0221388832955 3.35526089607 
0.0625919826211 0.182071077019 0.0192634257826 0.104618953349 6.7894915825 
0.214538963723 0.219064214657 0.185628360412 0.211874259334 9.92631246283 
0.201123913343 0.141987209097 0.124072670013 0.059504850896 4.44695443164 
0.0439945283206 0.0928836714993 0.156704494929 0.190669800086 8.22716329268 
0.0897565327283 0.152467982311 0.0315192258444 0.23722222721 10.1575307653 
0.215277468785 0.0697172732095 0.0148943581273 0.101719862713 3.54653035942 
0.0657375779376 0.105836648258 0.118016545011 0.221768047753 8.9415032604 
0.0682078571178 0.117125494774 0.120246372504 0.149967771604 6.65777097636 
0.0226303754224 0.0120737286673 0.0489457951259 0.0155368682835 3.1045341002 
0.220232541361 0.247076243107 0.199314116281 0.194590581209 10.0692764771 
0.000122260721417 0.144448783702 0.15266630322 0.0266179310871 6.27448513838 
0.0376139244783 0.175019225686 0.193071899796 0.174780560963 9.80117306961 
0.047743590951 0.111856966718 0.032377153414 0.202216562096 7.91893777302 
0.179560006282 0.110963552941 0.152792485299 0.105317620617 5.44637291128 
0.196729605879 0.0228154346723 0.087047762535 0.0540790200625 3.42379162339 
0.0389843839858 0.212158189541 0.20884985107 0.0146245642952 9.37539531715 
0.226733244299 0.0782153879512 0.0413650883712 0.21715689574 7.2044016105 
0.178940582818 0.200373471251 0.0891769402779 0.232979915712 10.2815392413 
0.174334968621 0.0421055733295 0.197533933258 0.228749820806 9.68894806313 
0.153848430849 0.0241722540379 0.118224038407 0.208674828243 7.62040468255 
0.181029342236 0.0815772331629 0.242907048654 0.194065762781 9.73128464208 
0.240841728954 0.0412162617239 0.191047245678 0.198512528169 8.38829823587 
0.216222989751 0.034705704087 0.0223629193391 0.0825042147055 3.23362139497 
0.15645122404 0.0807681607349 0.118133485302 0.149728976508 5.74024201802 
0.0709034445275 0.140482803495 0.159984504074 0.0975172586961 6.62669678297 
0.22311570207 0.00827745470032 0.114175955874 0.127888177691 5.16514792976 
0.0646289190279 0.160152122714 0.179648073511 0.207307669197 10.1213470056 
0.0358370434235 0.052160085407 0.0153952402531 0.122289591902 4.56203951485 
0.217859228897 0.210110725546 0.207932742987 0.0437916061541 7.19110329653 
0.0238885852441 0.165613556091 0.204988032133 0.0554246313849 8.17568386052 
0.203581380516 0.148723638754 7.40731748602e-06 0.115560465586 4.89411489598 
0.239851137316 0.234614981118 0.0701187843905 0.228785663107 10.1987374808 
0.209474947846 0.0566349762022 0.00977559885277 0.221412762714 7.41412564449 
0.172688298364 0.11863604376 0.0895011388578 0.0993627685629 4.48250419983 
0.159680227842 0.0728782430546 0.163996310964 0.238984315944 9.5053770429 
0.17401501989 0.171239301224 0.214482037813 0.21774043027 10.3508326513 
0.142590795274 0.11572521477 0.0154084109127 0.0921077981101 4.24092011977 
0.163192265759 0.114298163045 0.0547676668883 0.220080577518 8.03305822832 
0.134905060897 0.0606311650776 0.0773257818896 0.242042346051 8.77718073184 
0.045409866626 0.17002461082 0.0500620051507 0.242109931054 11.1093678659 
0.125134022235 0.0564941747014 0.247789892447 0.0577294905205 8.372348817 
0.170868459715 0.0265783761526 0.240261291822 0.248826171779 11.6034981425 
0.234188015021 0.229393482736 0.00577182697477 0.214990183244 10.0556768638 
0.11023962136 0.1057420283 0.0517706847525 0.0511435737985 3.76602355269 
0.219929033976 0.215789622399 0.0331708862909 0.129845206761 6.63669457428 
0.0607421034821 0.185964950208 0.0110931495148 0.029404173925 5.98614094 
0.248882261682 0.0985986128933 0.0399065770207 0.163838028155 5.1563224083 
0.0338566922237 0.0575530989153 0.222020060692 0.023803317036 7.59334260091 
0.0730613184698 0.126304928969 0.023095458553 0.157391177432 6.50573952006 
0.0324007040227 0.19932701823 0.230133589348 0.0451283768557 9.73284564333 
0.24372825784 0.0435859968479 0.116281542473 0.121924022064 4.77608483453 
0.142929694256 0.0109078448376 0.0601759825237 0.0343444889277 3.06028373326 
0.243469444542 0.233238830946 0.0222518374637 0.209190074932 9.60122172445 
0.177764260823 0.0487061026419 0.0579062591858 0.220857109087 7.53703384403 
0.194093989691 0.109867695545 0.176457191554 0.208698217159 8.49633626994 
0.100075858302 0.21014345742 0.2002773789 0.157773701797 9.90013148885 
0.114742282175 0.123895301641 0.129540928351 0.212899324845 8.68524341147 
0.0126476846054 0.0546847124383 0.219892146469 0.204159393873 9.9065617322 
0.0365091486656 0.112742553923 0.129949965103 0.0283011032565 5.10126657516 
0.16752193265 0.192008111262 0.249627154748 0.195466731727 10.896366387 
0.0400619685801 0.198339042857 0.126470181191 0.0961967276709 7.60005710752 
0.171956027636 0.186995914596 0.104867287359 0.191409019836 8.36966507112 
0.21062610432 0.096677338941 0.144015095262 0.216563761217 8.09373219004 
0.046004040261 0.0571526641932 0.135753919377 0.0962463674579 5.20973588669 
0.0430522404142 0.182297090323 0.0795524930155 0.0491729656683 6.08572042972 
0.18838214021 0.168843857515 0.0914236166256 0.0577327805629 4.59305662708 
0.0874288303371 0.0367655932027 0.0903790973121 0.213344202454 7.67512408173 
0.0719482260731 0.171570550948 0.150421141503 0.0784729023866 6.81366743797 
0.0874336968372 0.0550367568401 0.218764986206 0.0585638465356 7.22632301143 
0.222296332834 0.0681293979055 0.20363752097 0.233499897604 9.78997223028 
0.0763944359164 0.203915134867 0.0327597417288 0.114199808389 7.63342715465 
0.082986913723 0.0301917513868 0.201644315228 0.0242510216562 6.52941628351 
0.143446671011 0.0249620284559 0.0660168185375 0.222663846265 7.75199856462 
0.17715999757 0.0537372792229 0.0383860699533 0.105335894848 3.75189299143 
0.044516575986 0.193616849159 0.170993546249 0.167718586373 9.62290829988 
0.191003909822 0.145621066042 0.0671517037568 0.121155061205 5.01749435527 
0.0818368776512 0.146805614316 0.193664608606 0.164120825227 8.74958636296 
0.172598550135 0.248787975446 0.000865498788855 0.122501901013 8.91630117407 
0.197576688226 0.109767415402 0.196154295587 0.164688967277 7.56528940537 
0.218398874796 0.134831495899 0.0526278473211 0.20502612157 7.22558931122 
0.238180905656 0.0632514178138 0.241204111304 0.103577641605 7.87053381108 
0.0150925059318 0.195630325717 0.0520663460233 0.206418053346 10.5025376903 
0.0611485012783 0.190605344868 0.197539072237 0.0359795170876 8.27215242662 
0.108243239767 0.0248441709773 0.12479543878 0.0727109006998 4.39786169954 
0.13990349438 0.127962368523 0.128186243882 0.112194080774 5.6023333118 
0.154036724727 0.121120839685 0.0810548627184 0.178115572916 6.66457620261 
0.00040906128314 0.0385332374287 0.0422857320985 0.073404802368 3.66866371691 
0.0353231798344 0.0285242246664 0.210948923216 0.122823119815 7.60051272389 
0.213848930559 0.190314216778 0.0082890566534 0.165697727385 7.16884343035 
0.154428571108 0.238093911689 0.223704026597 0.138928460292 10.0677159077 
0.223187785381 0.0757948116625 0.146125386193 0.0587993857016 4.36509621996 
0.182097912676 0.0761890540568 0.21367775396 0.168023790849 8.14429800034 
0.202201417375 0.182258113297 0.121979099488 0.185012251322 7.75711773164 
0.13648648488 0.133479694119 0.194550051339 0.132457268915 7.48286292046 
0.0561792173001 0.0931689202678 0.108998160973 0.113146340758 5.3490946582 
0.149944619894 0.224351080593 0.127132187359 0.0207525645251 6.75309214794 
0.102332858279 0.160543608226 0.202689397346 0.0431627640835 7.52867534724 
0.0378968641985 0.045997393826 0.181214864465 0.228208070621 9.72930580564 
0.16016868425 0.0266032899716 0.159623024254 0.238567121442 9.42518130427 
0.00466969627648 0.0214215343703 0.0220122339529 0.191416477858 6.64250838093 
0.0401663044366 0.0120533650401 0.0677062880823 0.210865523046 7.48904004295 
0.0149652255777 0.195347267193 0.120559458798 0.0984834393786 7.58218475766 
0.00942594544174 0.0261262397669 0.0274374662979 0.154957299897 5.39282423689 
0.196288465139 0.0490668921826 0.061097256234 0.203445688583 6.77583759336 
0.178064572764 0.0433712282912 0.134442971364 0.0142370285944 4.11224974236 
0.15479637759 0.0786482527461 0.0382578694089 0.0612448010183 3.24750745614 
0.232015585457 0.0505984971036 0.0149097447232 0.0761764470937 3.05476548776 
0.0713686462778 0.183313198386 0.230474048843 0.010103311711 9.3585514906 
0.0427250038632 0.207389618369 0.0262564239704 0.175775010568 9.81201376884 
0.19825842768 0.0955017754824 0.0412881362344 0.00946805560606 2.80532906256 
0.224399862457 0.228084380741 0.153951344005 0.064523770536 6.2775692618 
0.053293176862 0.171812904852 0.215920188014 0.0923136973769 8.73540017437 
0.134748267977 0.24770351581 0.226077913319 0.092038764033 10.0635250987 
0.0751677941717 0.117132256104 0.0970305405238 0.105731114017 5.31469485464 
0.0408989567717 0.0318668079074 0.0809286113085 0.229665295523 8.40969630603 
0.0509369799728 0.165428860105 0.0224573940273 0.058943782295 5.54824660177 
0.110456371183 0.179916272488 0.204056282353 0.0655265728829 7.91489029713 
0.142734402452 0.161596753847 0.23433625248 0.193627765133 10.2783133749 
0.126470475819 0.159729737851 0.137684423003 0.0518500877513 5.64509498879 
0.204264783178 0.209352442137 0.213561176807 0.248454320421 11.682297903 
0.134460615662 0.217782098948 0.192364585162 0.0285994706198 8.10909974446 
0.131337568846 0.132579022231 0.00386347790411 0.0128129478205 3.86455564247 
0.0610105469292 0.246599812479 0.107897162727 0.037332708469 8.43181831289 
0.111767539432 0.0300702345392 0.123180923532 0.19162565895 7.13812611788 
0.0943707922161 0.0819189853952 0.022919240659 0.0379815243301 3.31738421863 
0.0387940478753 0.198020360713 0.00704750864308 0.121652707682 7.99705823118 
0.182782214689 0.0471026999913 0.0282934519616 0.109707380171 3.79288249143 
0.182004058932 0.00546002090987 0.225130441541 0.126702896976 7.98010865265 
0.247751051497 0.19766618836 0.0541260519672 0.187691812126 7.39804125576 
0.159883629169 0.165022369793 0.223998991738 0.214076711634 10.5081275698 
0.181374465895 0.145721510262 0.230314913448 0.0340022865637 7.67301194289 
0.0776929841331 0.124421770457 0.199849851855 0.11689910961 7.65050865943 
0.0959288378007 0.0637933043907 0.211635191849 0.0726414473243 6.99928546933 
0.122134969261 0.207821545594 0.170251573254 0.00672580465715 7.47191383488 
0.2210270192 0.16886461581 0.173313288633 0.195150268802 8.24414573381 
0.0554800583699 0.0147665238228 0.158334996961 0.236123669219 9.53932819933 
0.0720728575675 0.00300338929329 0.112295342312 0.247609914496 9.42685700573 
0.150480391147 0.126209031709 0.137614016653 0.105097604781 5.52455366434 
0.14698624265 0.20189342558 0.0401686016295 0.0129722641451 5.54921333397 
0.0858885027005 0.161254417216 0.0951492678032 0.128438600805 6.62908369679 
0.0477087017647 0.215031659897 0.0172288538672 0.0144454955836 7.11954019032 
0.222693238743 0.222007118541 0.101915762762 0.138849468319 6.91596383331 
0.140924387577 0.141150109048 0.077133216712 0.168384243824 6.76425425899 
0.127973945415 0.182618136763 0.238155381435 0.0318707860647 9.02883832959 
0.122875218257 0.0301320394913 0.207642067002 0.0639134079621 6.67758047581 
0.0220627995173 0.0990139024453 0.0141058265855 0.223367008351 8.69313200082 
0.194414614142 0.14959550635 0.121315509349 0.0830935941519 4.84050831873 
0.105590075104 0.141803153256 0.166502154542 0.182977826094 8.49176150846 
0.0356288768459 0.0248672173227 0.0384767352324 0.210031394991 7.35378301568 
0.233272333733 0.148534955515 0.0647428038214 0.0754969104841 3.764012174 
0.187706508508 0.0986431500541 0.173561262002 0.142473378433 6.50364335031 
0.0874666601491 0.0934219317669 0.190049901455 0.00884463182543 6.40845987953 
0.178190472929 0.069078375659 0.0625778279093 0.0367730032336 3.00218508976 
0.135755427122 0.0476737269757 0.0258992402485 0.0691518897626 3.2130258827 
0.0197781042065 0.0833542211153 0.0833086529429 0.13059971185 5.44194449345 
0.205152059449 0.0875839034607 0.00200557496212 0.088219516277 3.44867970619 
0.117464570494 0.0459720421775 0.131785143482 0.0583591573517 4.39586094751 
0.148057162525 0.0115550343948 0.0372389471345 0.0865387388924 3.50325164519 
0.0932854603254 0.109576428951 0.217022263736 0.204849948175 9.93727388653 
0.248098640858 0.205793865291 0.0218301785417 0.0350356560808 4.39502383616 
0.187407685403 0.0930476642003 0.0655983255574 0.108668685858 4.10495600242 
0.210644885999 0.202807019831 0.173666066045 0.149298696675 7.62758254989 
0.148451164761 0.181181602519 0.198128119123 0.208923155476 10.182464361 
0.168323832329 0.127586783957 0.0810019557796 0.00308041237248 3.70260627145 
0.121175918937 0.236962450865 0.0315377141226 0.228949878125 12.490207889 
0.053022361448 0.178440763727 0.20831368665 0.189693858887 10.5376665252 
0.0442646431604 0.159504863425 0.170152587083 0.14980835253 8.34531677323 
0.192295729987 0.0374493703062 0.246080475347 0.133663785195 8.66852082121 
0.00662861959908 0.111693610733 0.000728631804187 0.196053529362 7.87845976068 
0.137796003351 0.198973749295 0.204543153385 0.0468666186535 7.98075162768 
0.0715910624333 0.171804808514 0.174855117525 0.143210203073 8.38792538904 
0.238320093728 0.152637985081 0.11903566692 0.155072667706 5.8947703254 
0.231333757095 0.0453915658785 0.136052951082 0.175702412638 6.52146231549 
0.0723348842346 0.234936608986 0.224786058536 0.202765922152 12.5169671089 
0.0675336623804 0.156093702468 0.0894953236279 0.143611699984 6.96990301601 
0.0615806039874 0.23368679518 0.152611282266 0.122685796939 9.41947133729 
0.223688203576 0.180386384425 0.050603619617 0.240679978203 9.57760145652 
0.16300827827 0.126687162015 0.249653690625 0.20058724318 10.3972364686 
0.159869691842 0.060315523376 0.0179803677267 0.183856146523 6.06299600695 
0.129846663007 0.225904482427 0.0694331400636 0.245280953801 12.4082563653 
0.154963475453 0.145511368781 0.12892906095 0.0444762773525 4.91787799226 
0.00602492043537 0.19264499496 0.0163954820577 0.198775696193 10.3005134762 
0.177276452281 0.0874958342727 0.0459644734916 0.0931337199223 3.70933335203 
0.213007390065 0.0580532131895 0.0625579267557 0.121423509444 4.13267905623 
0.103284053934 0.0259932993409 0.159596659386 0.0187207891065 5.0126993671 
0.187376651623 0.0599004572849 0.168169194929 0.0916941579486 5.40836222042 
0.0967117401176 0.245858482224 0.20678509757 0.159028177558 11.1006544706 
0.0743018649992 0.226226751607 0.074178922818 0.186325793006 10.5065075224 
0.111344463244 0.211674798215 0.158951935256 0.179105137222 9.7592488513 
0.217644816325 0.204000419903 0.190918490087 0.00396886450039 6.68825949942 
0.201969492372 0.0496317641568 0.00536497235298 0.167476660335 5.34188715723 
0.0594147777444 0.242323217269 0.00544877357305 0.0524382361373 8.70857504672 
0.0857928519854 0.0757451785045 0.194235236548 0.195782633823 8.85822014488 
0.189751654809 0.19364443821 0.212354972983 0.136695650333 8.30865865778 
0.0350783222837 0.053577895738 0.0430033090817 0.206898307731 7.38223010819 
0.046973210605 0.155825895329 0.0918861070079 0.106353374008 6.22113170074 
0.22085383783 0.116311582392 0.0195965370608 0.0559761148009 3.11799505972 
0.0913847489623 0.0516306997086 0.13336244472 0.0434827775661 4.4375563446 
0.178131358316 0.0718404198859 0.182790213602 0.118793337926 6.24986335018 
0.00822722975135 0.0737851758026 0.248643287615 0.0360828010056 8.93028621139 
0.0806281267354 0.239547261541 0.073715786912 0.0152674174706 7.74894228284 
0.158779075357 0.180511897059 0.198540571078 0.0913851201458 7.45758854115 
0.000851375678603 0.0777677373419 0.167452188193 0.0401550246199 5.76653078982 
0.0530337090928 0.128853895835 0.077314605336 0.211856870629 8.70284598046 
0.119922483292 0.18309502242 0.0961433116572 0.224629074387 10.1364691447 
0.0938844744912 0.193672200517 0.226444185609 0.217679303076 11.8254700874 
0.230362424086 0.0451946630652 0.129431889017 0.164206376256 6.06514657277 
0.18649106369 0.110722831236 0.232338346302 0.073643701364 7.50079252396 
0.173012117773 0.217555022996 0.169587164142 0.139971275182 8.23738559351 
0.0380139440766 0.0168708521236 0.0850716213407 0.245285269644 9.13842226376 
0.0587117453843 0.164496030892 0.214473749336 0.228887669244 11.652076612 
0.000606076301405 0.230187565002 0.0674326150563 0.015881843608 7.79341299361 
0.102649008511 0.234675485854 0.12120811013 0.149431133551 9.43992000503 
0.0188630863036 0.219898883181 0.0660276448482 0.132376289409 8.93346399303 
0.0844315423901 0.231422069474 0.228231752279 0.0427219289899 10.1152874113 
0.169840030973 0.0242079013214 0.21173829422 0.218761643362 9.74848499243 
0.199271186522 0.100090775297 0.196184280117 0.022968039711 5.95158883138 
0.118147903603 0.170291103816 0.190156124593 0.163305518837 8.77967674856 
0.058100987967 0.200931348736 0.0460310272776 0.0162850271773 6.36183262288 
0.0830242661298 0.139568583986 0.103768677923 0.022693814279 4.86938865938 
0.191250161907 0.246463152574 0.199137316879 0.124710533611 8.90721220078 
0.183350624975 0.214181235281 0.0617873778408 0.22874827949 10.5097005355 
0.217770797931 0.0485545582935 0.0540449820224 0.183683180791 5.94675041017 
0.14494028022 0.0493274638542 0.228203249954 0.225250974675 10.4069203462 
0.0214904143021 0.114364137503 0.0609398037631 0.0527975067235 4.3910258927 
0.151518298882 0.106460608467 0.145892114045 0.149386056418 6.39669909831 
0.196260637656 0.134117718923 0.0591258546465 0.158039007968 5.75251348149 
0.215624718436 0.17097196832 0.185159316632 0.0570999811362 5.9993814889 
0.170567582848 0.157786866021 0.187923184132 0.0350531157499 6.37072371562 
0.195353236909 0.249274280581 0.0327011348323 0.125229624978 8.23174263401 
0.153988491279 0.170958325994 0.247875436541 0.135930359701 9.47244453106 
0.128581685576 0.167661914279 0.144349748179 0.00341781599998 5.84977939058 
0.0390328145889 0.24332130958 0.0704254247852 0.117844772106 9.49363685083 
0.0877041780054 0.164216613421 0.00305897681686 0.165005161394 7.75422503796 
0.230777600007 0.18891160491 0.204761157012 0.0753715316226 6.69259394354 
0.159174730975 0.149293327873 0.237025277106 0.225632473174 11.0319157932 
0.210194463259 0.0607335894816 0.175217420277 0.150327344133 6.58693439592 
0.0893423834545 0.0401865100453 0.0827159563887 0.164360868464 5.83462074563 
0.0902759046659 0.057589869651 0.0413230897835 0.0303230690019 3.10556275246 
0.2188076798 0.201700157017 0.222065790857 0.103610137752 7.80367715933 
0.231293720091 0.142468820607 0.21682766913 0.183480414471 8.4559480606 
0.112400705509 0.184759177115 0.0655238295337 0.114997895743 6.61247531047 
0.155310332652 0.0958981321917 0.217062077429 0.115051375214 7.44141807945 
0.0454310622929 0.122114087665 0.166359261705 0.0885896944017 6.48273213036 
0.0643840143556 0.122399032323 0.0787855961595 0.00550134172402 4.29973699199 
0.15426247425 0.207001664945 0.166868646354 0.10744722921 7.56634371252 
0.0245107973176 0.00537175953863 0.0173628089328 0.080555969285 3.58284170056 
0.22300580006 0.080521278707 0.0848298372255 0.107403981043 3.99947205426 
0.200548829219 0.119616872544 0.0145977971059 0.054315895248 3.30832279641 
0.0904078208524 0.150510298164 0.13245978628 0.22839560159 9.97910888762 
0.235153603598 0.248708159389 0.198015590349 0.0578244365085 7.42198701449 
0.240255892991 0.153325385296 0.00190863598597 0.183545678281 6.61966305296 
0.207261053054 0.0317603165854 0.218210036494 0.0490492187179 6.90750237293 
0.0978244031754 0.23323020086 0.138599312672 0.188674236363 10.7271085346 
0.12430489731 0.213916343027 0.0457363650822 0.0676838262406 6.66444091872 
0.0962359803212 0.146806974774 0.2009858648 0.0758787756116 7.42057926811 
0.160584759866 0.248503575565 0.0850723912833 0.113100043488 8.2417703444 
0.0712405823452 0.128375886815 0.0476455587141 0.0356174478809 4.25793853721 
0.125039753751 0.217208880385 0.200067140323 0.18692754278 10.576853345 
0.138264894399 0.121001896435 0.16248152654 0.164565011673 7.34933056838 
0.190923248235 0.200080499398 0.24375760909 0.208361419892 10.9126427872 
0.227608030474 0.040352774601 0.153081022224 0.127060888691 5.61554887027 
0.0994250391637 0.16042059663 0.0547093236208 0.11870947784 6.09856995902 
0.098201929836 0.133722431661 0.0671375439243 0.0013405487012 4.21708097462 
0.0528742422255 0.101407138486 0.0366759183688 0.165767696496 6.37806621389 
0.0963358086477 0.188724728614 0.0794740382057 0.233055503319 10.8755829888 
0.101977171033 0.19926342661 0.0861177595358 0.175743236569 8.89857176883 
0.00475687204123 0.0229985583285 0.244561420351 0.117013561177 8.85092438396 
0.0906259628529 0.243784199122 0.14249208856 0.0764842117532 8.68905971679 
0.169738680031 0.0898776015664 0.246301707022 0.241580798941 11.4067519193 
0.152597890364 0.219469246152 0.152004169149 0.142757024817 8.40507283807 
0.222165732612 0.0162787834143 0.0728775115758 0.138793006095 4.85070936371 
0.1430737713 0.12286409768 0.0697026710826 0.148015310718 5.76517775821 
0.0446741007351 0.127000542045 0.0959631352506 0.0139122731586 4.69423631849 
0.0527740483112 0.0673351276404 0.029289077995 0.100645947021 4.18309878782 
0.0675926357308 0.174681851377 0.249550262339 0.113294841234 10.0655530105 
0.0524754875545 0.0249588556478 0.0740119052674 0.0611729858096 3.60405863403 
0.146102769198 0.108161725819 0.24534154803 0.134389863746 8.85713325023 
0.0368224734983 0.225139616109 0.110057727967 0.205261401474 11.4111524461 
0.240806921315 0.0406112971451 0.10847151388 0.00449642161908 3.4682025403 
0.212251466424 0.0665910588978 0.134193732198 0.223090182022 8.17744036891 
0.209919206253 0.245996385052 0.0835056148796 0.0142696637282 6.16848042964 
0.222808261566 0.0862615399914 0.209418139604 0.0685992436942 6.33874994056 
0.0401326746695 0.118505564849 0.0684235304318 0.034471894385 4.31711809859 
0.197264822113 0.0506578194481 0.0819357912812 0.0677988165054 3.40536422548 
0.117762114214 0.109440387637 0.247508578205 0.19796748651 10.4674763951 
0.0876622719269 0.0552876002165 0.241015078215 0.0136781839785 8.38714725922 
0.0557643284833 0.190581598589 0.0288303581342 0.249301742589 12.1838554509 
0.14029243605 0.133828352111 0.208960476978 0.230069698811 10.5427515925 
0.100797875037 0.0704872792235 0.24179809837 0.227983628854 11.0938037046 
0.143976514872 0.0284630441371 0.199893373524 0.0191092638395 6.32968956225 
0.151507124267 0.065864324163 0.159805445056 0.0728035641443 5.12301728011 
0.0433365941573 0.130169438117 0.0292019495062 0.11494435704 5.57684161494 
0.0986682652372 0.116957326907 0.124349341421 0.0944880264797 5.35787230618 
0.201202612464 0.24558035691 0.00485307021191 0.0498057418846 6.95942767399 
0.122207465044 0.150443459652 0.0789626414006 0.114938926736 5.67579165137 
0.176267401651 0.0040764461225 0.20875970415 0.136634653954 7.59259964237 
0.194278556445 0.0156126856843 0.145359688572 0.12801113305 5.64582873649 
0.0130436222093 0.12595303157 0.058740332541 0.0967917825782 5.26124187273 
0.0349421021759 0.214811757764 0.194870159914 0.0666567245718 9.05240671865 
0.120895684814 0.197833498366 0.10542295762 0.232992053857 10.9357927066 
0.155932991324 0.228219716805 0.249047671631 0.0920128849634 9.99912092728 
0.218647442938 0.028826510858 0.0984636466537 0.10118006894 4.19264647701 
0.0270483171522 0.0447385538692 0.197369880935 0.111697159335 7.04305861511 
0.0997087400073 0.1374064101 0.12290595601 0.240213673443 10.0980890997 
0.145302238131 0.0419533319788 0.12568850621 0.0700017159626 4.28584933956 
0.160464969138 0.0234048416201 0.111523786975 0.0265827811045 3.70007267099 
0.103209568416 0.169348041331 0.15294876775 0.21636011659 9.99806982289 
0.0499057703731 0.248687597525 0.0975185497308 0.0256513648153 8.49623028199 
0.201330768503 0.0721096288708 0.162081381037 0.169782803586 6.82142706713 
0.154492407258 0.222731750858 0.0218146971017 0.0291962081463 6.39029892254 
0.209813435207 0.0173815039641 0.043076042425 0.0284723713677 2.83041367627 
0.12635638991 0.141923995811 0.0517028746267 0.17792250478 7.15619683111 
0.0578607147648 0.128687483417 0.0602264979574 0.0377731381991 4.40825474262 
0.0521610974966 0.244852334824 0.0876889980041 0.104903157642 9.18570957538 
0.179153101944 0.198942403654 0.133039225533 0.0674525890511 5.97191787134 
0.00377606952712 0.0785139634807 0.237435772712 0.0432892753112 8.40509159244 
0.113850151841 0.129388389227 0.210955725845 0.0723355160412 7.37072159943 
0.0326654287999 0.2331822341 0.169848579782 0.151983427971 10.4503028008 
0.0372627812736 0.0421511061838 0.0129923569483 0.0560679595551 3.30973107789 
0.124833105585 0.188632351834 0.0391674226169 0.0174129433105 5.36853029792 
0.179614645515 0.0554945936784 0.212602652413 0.0930394425834 6.85794636435 
0.0151686950774 0.0234076695972 0.00412712896513 0.209067622101 7.34060402369 
0.0017275107309 0.0453525640994 0.0874337777047 0.151250793145 5.73752912068 
0.115936474875 0.176258162452 0.0254267445859 0.0234453499446 5.11600597978 
0.0994599236009 0.197247804168 0.051577952298 0.0319328745161 5.96684179784 
0.0950170906484 0.215005248951 0.0643583622235 0.0371360012853 6.69502272923 
0.132195749327 0.0875218388221 0.12225569194 0.190567269048 7.24426427783 
0.00870486288388 0.158774513707 0.0292059795695 0.00873781535436 5.15911073208 
0.0634483068447 0.148392901939 0.0160981692959 0.178648975151 7.84041607123 
0.112959913955 0.187229155141 0.1058259795 0.0785760909746 6.24575634731 
0.239034409871 0.00445077890969 0.0700329186697 0.112117509408 4.35225830788 
0.187744532354 0.115170030644 0.0847043965569 0.231288766072 8.45227851124 
0.200248387144 0.0581753181133 0.151547062387 0.0863932419831 4.87669600041 
0.0491208777576 0.0676344619922 0.157438309538 0.193111626466 8.07883339401 
0.240824154115 0.202422325644 0.176931942631 0.0607025203515 5.91066405656 
0.186014179148 0.179779045057 0.229221386821 0.163628516864 9.14810077749 
0.0834362077573 0.00182464085037 0.105104489291 0.0937828188984 4.42906776603 
0.17017952393 0.0916793185594 0.230426160078 0.170260279311 8.80132725934 
0.123052180244 0.205412422293 0.22426234881 0.164814720418 10.2488527407 
0.190674791826 0.159211805089 0.0398625060581 0.166546448866 6.53529072755 
0.170641825288 0.149228789868 0.0543557788956 0.0687007381073 4.28374538304 
0.204397206968 0.155963540983 0.232457047487 0.114370407978 7.93426352133 
0.0963105151353 0.143587319202 0.18224757677 0.0190128634613 6.65537886853 
0.0646252813327 0.216535637903 0.00758490443715 0.182022104161 10.4488548719 
0.0635916700671 0.0199940657224 0.151934449396 0.122447342742 5.86551013468 
0.102730389941 0.212779564523 0.130222720293 0.0539214002276 7.12909676717 
0.234366361457 0.0979354890269 0.194360111758 0.088768165308 5.90790955916 
0.150935361151 0.152915859874 0.0708562504535 0.22396851559 9.01445310092 
0.0773358947368 0.0884243715176 0.112895386182 0.147195320862 6.06071376498 
0.0665068791816 0.23545679839 0.0914064148823 0.153789349776 9.86360213474 
0.0465979672369 0.050508265207 0.135540417391 0.247877042531 9.82735511356 
0.150370698085 0.00859180884085 0.0207900518031 0.13141850714 4.44192382685 
0.203050131335 0.248873202177 0.0228469489614 0.1772715212 9.74259527646 
0.0394086479119 0.0451050060749 0.192285186987 0.0816905387999 6.49613515087 
0.130850129732 0.129891450653 0.144057910657 0.144692965602 6.67059799268 
0.190892926758 0.157261071165 0.094527239911 0.075869405131 4.57968156137 
0.0368136820973 0.0385757083938 0.211784306804 0.0855639266117 7.20007615416 
0.154606748092 0.185416008834 0.074374852155 0.0257393675695 5.04445734135 
0.0875461040326 0.074124494012 0.0804220016302 0.14942381413 5.58219577252 
0.0533847081089 0.140419327895 0.209691324891 0.245098059458 11.8063147924 
0.150589220577 0.198974679974 0.171039681585 0.111550853158 7.56354402899 
0.192855026742 0.161332339147 0.0446944759996 0.111730543256 5.04748636512 
0.0402363749173 0.188982828183 0.194223194284 0.206842084163 11.1113316682 
0.0423996820328 0.171558565264 0.136750063057 0.102114418537 7.0778842394 
0.0887704210776 0.234020572319 0.135450926439 0.17252848009 10.3066623362 
0.030086443024 0.0424176855186 0.075931683396 0.102984524301 4.37864028951 
0.154124415423 0.0407849967412 0.0455390685755 0.217389665297 7.40419812185 
0.125954343992 0.100427105579 0.00706894332231 0.107416297971 4.42784562827 
0.00937935498062 0.0201394630978 0.140835641624 0.170730432543 6.96883814846 
0.0289865133758 0.128226561176 0.0535509161625 0.0301830452126 4.43366962444 
0.0376361031168 0.00401222557827 0.193769926816 0.0808877894109 6.51071552938 
0.156447518941 0.0807206589055 0.0754677175153 0.0821987731157 3.78847667978 
0.164953220257 0.0369031264003 0.00843407048652 0.193417372671 6.36073668016 
0.247460748848 0.024478207153 0.0558999869162 0.00545907959629 2.85076528338 
0.243458205377 0.237676822329 0.21463906469 0.17215769129 9.04403209363 
0.163970935265 0.176494998627 0.0496939415468 0.162050530066 7.09945482836 
0.0317858129939 0.0620395410789 0.192633388837 0.203877270686 9.18667544571 
0.0180208686248 0.160148161489 0.249256238146 0.139441958652 10.3854267237 
0.236576792703 0.0602481300249 0.0544755615114 0.127584618882 4.17326572697 
0.156944020898 0.143239218243 0.020386308192 0.0584945418353 4.1485243023 
0.191654343154 0.146916154644 0.180551595802 0.121763135028 6.58882350897 
0.122026978927 0.0391304004893 0.0861707470379 0.106390426794 4.28374097967 
0.220131921371 0.0689647070979 0.0686997609644 0.0802551715144 3.3638334944 
0.0909859679647 0.224180346509 0.0962773129437 0.165303076938 9.55272219406 
0.120702929324 0.0624846913856 0.0502195467291 0.0511316992925 3.2345707876 
0.0937236198955 0.013011021799 0.15524409129 0.231032396243 9.19777437735 
0.0769162717168 0.0695848356037 0.0680606136335 0.246514146302 9.24198159494 
0.075935884314 0.190892910243 0.0417599937724 0.075304818674 6.39791144186 
0.161365801607 0.0474769182723 0.172475531337 0.208555317009 8.43611055654 
0.228862697393 0.0971506797394 0.0337188943198 0.0708094572473 3.08832747314 
0.127199589507 0.118963342388 0.0398805929918 0.0369681107647 3.70763483795 
0.202613594403 0.101528210464 0.234437666666 0.122131439288 7.86949456103 
0.0490244416303 0.0257546047393 0.146103529916 0.175007530238 7.11364090459 
0.156908227037 0.0738065098922 0.0858671516857 0.0612684216764 3.58340984404 
0.128758673645 0.217056649851 0.128007092047 0.122377138808 7.92936229552 
0.160138070206 0.100244376209 0.146736143889 0.0122394040863 4.67647966354 
0.0211883046818 0.0304664367215 0.0363916091743 0.0561280855145 3.342824045 
0.16005758665 0.0137442958972 0.0622403887224 0.0672014496458 3.35777310881 
0.043703515915 0.0812343945761 0.125939110119 0.0321754354823 4.60267438152 
0.174799091605 0.0959653085735 0.00498522637346 0.0771028969053 3.51203094746 
0.0503205752577 0.218545279794 0.0970603835426 0.185222091856 10.3276741975 
0.0966389565363 0.231551619263 0.240925357757 0.215599923263 12.9114376533 
0.0820077547843 0.189907669551 0.10700379222 0.199918251714 9.70724826724 
0.165660536192 0.166483440472 0.205338506656 0.248444151455 11.3656754632 
0.128921061673 0.0429972920635 0.0649691632268 0.245046667977 8.81660719534 
0.0491138693692 0.208593775191 0.0117803121345 0.0781822427022 7.46793597278 
0.0996835128138 0.060291249453 0.118432495925 0.139507402267 5.61673812125 
0.227017914349 0.231853934521 0.0308227147786 0.056544155844 5.73993443248 
0.0387362585968 0.142337753668 0.0650122116457 0.0201696990284 4.74302194114 
0.189966003039 0.00795078681663 0.182004381495 0.00781727632577 5.7629085669 
0.247031601542 0.136346369377 0.0660676805797 0.18814396972 6.35530838432 
0.167132010558 0.0678056111358 0.0140957220312 0.00683324076522 2.70706751252 
0.140922500208 0.141347874386 0.235059448314 0.195187603946 10.1205039518 
0.166493425905 0.0125298240779 0.231176585196 0.242665142258 11.2015159038 
0.0266427496962 0.0708793522364 0.034990646905 0.0411899339609 3.48383418929 
0.170690706505 0.228730133859 0.0914718202421 0.228693105296 11.0995050561 
0.0292756728061 0.187260120821 0.106038558059 0.0837174065891 6.90557112096 
0.035211375705 0.149897566894 0.133395756112 0.120711988501 6.90407682822 
0.203575943759 0.077892446513 0.113815902865 0.072175314001 3.91444416126 
0.225807958326 0.0355159574746 0.043861541539 0.169623718037 5.46154819783 
0.101582129696 0.0983338727563 0.119873545294 0.0349592013493 4.42632702133 
0.127016551154 0.115968743205 0.18410136002 0.248811394151 10.7372250471 
0.100173524956 0.243264045818 0.0591014899422 0.0405251878362 7.84435710609 
0.188863964278 0.0496578257879 0.149852841539 0.109627408964 5.23558787438 
0.174420559018 0.215321920609 0.181405274456 0.177979427 9.31437968781 
0.137051341957 0.138969894567 0.204119999246 0.21747690872 10.070325426 
0.15587731363 0.241081076704 0.248788237233 0.108094874796 10.401193622 
0.13939537913 0.0852372579774 0.111930809331 0.169514730376 6.35909594925 
0.124331185876 0.0996226283169 0.157763708159 0.122391950305 6.13151476773 
0.0958451681469 0.0248129468655 0.0599735854629 0.168355434046 5.74343042522 
0.214741735607 0.149197402598 0.193850865546 0.0399110514146 5.99788193736 
0.238783761115 0.191851597496 0.232708422487 0.225231501588 10.4038223078 
0.236613082282 0.182677119371 0.154838994669 0.0980934297352 5.59494523527 
0.242884129588 0.0834407692943 0.0573482576677 0.240484914983 8.24174084906 
0.0977106934351 0.0305181885236 0.0366859644363 0.0287906332798 2.92913312244 
0.18234848021 0.201853952439 0.0875425684176 0.2261454072 9.97329296713 
0.126570743214 0.228244785934 0.0208438589742 0.22781520538 12.0890286958 
0.221047711616 0.182632992335 0.080276668196 0.214133808204 8.44386936475 
0.107463594482 0.0751916100868 0.0752132336867 0.212268515918 7.66485024227 
0.154875373686 0.166191613614 0.194990452605 0.132714763219 7.77772935386 
0.213147453127 0.172165184238 0.188586303887 0.00477893660047 6.19011634659 
0.100540150575 0.124192085353 0.110915835262 0.186540197678 7.61580768421 
0.0530356487741 0.00505108252566 0.0253909383724 0.0483306926685 3.12876452396 
0.174718246073 0.0145512701195 0.216408496022 0.13849783596 7.80609012645 
0.0763108064281 0.171133888785 0.0841973081893 0.0474806001622 5.57633604051 
0.0523358057916 0.0610684496775 0.0377673122027 0.215517251832 7.74513249325 
0.00252866609662 0.232584329031 0.0341444312996 0.0743958071934 8.50206960528 
0.0419837073126 0.0625381265285 0.161660084757 0.178097649543 7.66658229631 
0.0583352439347 0.164141617852 0.193810453283 0.173808109291 9.45980282722 
0.015263438764 0.217447036206 0.0893450553102 0.223599216086 11.9555576098 
0.13829374949 0.0375146509694 0.0902494468406 0.120547029067 4.5830933994 
0.246856242278 0.16858434503 0.151570232952 0.145258424761 6.14902466564 
0.198939145527 0.0990318277962 0.0611637630103 0.0988337915365 3.85635823478 
0.00256816924027 0.169327661765 0.216566439778 0.0873307750801 8.85951119105 
0.0526287326575 0.230817315128 0.146938220533 0.118024920969 9.22463887185 
0.0896834730727 0.202477630457 0.176809032411 0.109496270861 8.37939375813 
0.0446136363084 0.122649432242 0.144299810091 0.0591619755669 5.68831805965 
0.178185207045 0.104632255315 0.0464593765398 0.0232924218199 3.0882562632 
0.0063086101227 0.0201057096689 0.030472623986 0.0202656211036 3.05566569715 
