0.0803355543233 0.11190625934 0.141069005566 4.39892255076 
0.108039504443 0.215325397844 0.140020972504 6.43590024453 
0.199616503012 0.0947860053486 0.0665778184864 2.09355865237 
0.103151507737 0.224305567749 0.228061614911 9.13078402092 
0.248071045012 0.142788468184 0.184928431154 4.66768977623 
0.137421503535 0.0418813978794 0.240920955913 7.43499868651 
0.175145350604 0.197205467401 0.180316233806 6.09821220474 
0.0405407341865 0.0699472297577 0.0491302237112 2.4477960925 
0.136808500319 0.124996856391 0.0627184588144 2.86206687256 
0.0575248499221 0.0801831197819 0.136254527302 4.01074198029 
0.115651413768 0.167547729787 0.137619462756 5.0520239346 
0.0523933185437 0.00524444293798 0.0387532228822 2.03808986153 
0.152371193786 0.242363926145 0.127332004037 6.56550794433 
0.176684786801 0.20996076265 0.0234960961704 4.53930904431 
0.00434485257816 0.19477230398 0.226025811123 8.9703788035 
0.180879501225 0.163960149763 0.0662898462493 3.24767761691 
0.180763527356 0.206532865274 0.185766665415 6.37144975895 
0.110965088138 0.0037951905898 0.187989540044 5.32352802871 
0.0380637008771 0.0196052759012 0.13964759662 3.85888557252 
0.0633187567176 0.129656607232 0.192857927328 6.31285267862 
0.149671050351 0.00526614416388 0.100536056942 2.75210887846 
0.0359709918161 0.19849288505 0.247018014542 9.77105692627 
0.0104893087257 0.222074729327 0.163663800335 7.81864693965 
0.194559045209 0.0711430801241 0.0271475384113 1.67111179969 
0.0312436790968 0.16243661787 0.181305289729 6.64695826015 
0.053177163232 0.193052807298 0.0971612981731 5.52489629902 
0.165556012354 0.066935914804 0.00581085426518 1.72332169603 
0.0768232130989 0.248990700796 0.0390714128376 7.3780467831 
0.205383518819 0.149479694281 0.0360549361837 2.52486978369 
0.24225369777 0.0393264377716 0.0305646879113 1.6187608479 
0.134472243879 0.0256843786729 0.0929458676794 2.55588155892 
0.154980970036 0.224380406951 0.00384081762689 5.54638667612 
0.0605645211285 0.139559348198 0.0105857308376 3.47744645375 
0.0722141841188 0.168908021643 0.217723179408 7.81045353318 
0.0066728974919 0.101273067819 0.0121907427586 2.8195047998 
0.191661610768 0.0701772294859 0.0549294062804 1.87987076801 
0.0846280914288 0.188603936696 0.0140821397693 4.83456909134 
0.244624831415 0.190354102972 0.178327265567 4.94850724415 
0.238654036614 0.0549427132329 0.106332426625 2.54055875764 
0.081643550696 0.225179221681 0.139728810409 7.0110548022 
0.170786203053 0.0870326353894 0.226649771399 6.65532695947 
0.128129031419 0.099158701821 0.138316648809 3.90711112858 
0.151635695506 0.0188366469695 0.236134871427 7.24335466443 
0.0272272225342 0.186241620787 0.181643928127 7.20919066327 
0.241090198117 0.235713008961 0.0904012452988 4.43523402411 
0.0426957404168 0.0529528174703 0.115351196937 3.34144352304 
0.00537648276703 0.11733124251 0.147891000664 4.94329881451 
0.168559300691 0.0737624928116 0.0367613503526 1.85297114624 
0.142015924929 0.24488216149 0.0418454548725 6.38880158772 
0.029603442128 0.0747639611564 0.21793982516 6.85292860545 
0.0624019255086 0.160015041334 0.0672270953822 4.1952842605 
0.219965025164 0.202038828108 0.157750931986 4.97344997805 
0.20794154979 0.129080001924 0.184134519576 4.92743048717 
0.069540403406 0.174159464654 0.241918369719 8.89171523335 
0.04265973565 0.150127169209 0.0855752493899 4.23565758947 
0.0349251064913 0.240090758384 0.0672523187829 7.2239996471 
0.165034674005 0.155719916368 0.1886124453 5.76232056032 
0.164295489135 0.054999392399 0.0614373009332 2.0110644068 
0.108843107432 0.229753949247 0.239869605288 9.63578590992 
0.144076784166 0.134343132762 0.219778315311 6.8416307736 
0.00135191202281 0.0684419159932 0.204025580795 6.30719782428 
0.23958398064 0.0365984928386 0.0584984449674 1.87636234346 
0.0813348908415 0.176157612824 0.084017486626 4.67787068903 
0.144301909614 0.207634745929 0.0271038440071 4.87554993001 
0.0980468489074 0.0464677670572 0.242950479852 7.65661070578 
0.170590338061 0.0145916444888 0.0843954759681 2.38867267704 
0.076702978833 0.0840691586959 0.0550017753812 2.5324771032 
0.179264156846 0.0689157347469 0.135903979768 3.39595572892 
0.149787875965 0.0986455739684 0.0974395122806 2.88536336086 
0.00419538723327 0.00112396519274 0.20251433228 6.0906568747 
0.128101506065 0.0295364880819 0.224891601297 6.73769696151 
0.0355052997425 0.235740035381 0.0323508788004 7.06633103137 
0.125289207619 0.100308552576 0.170483413895 4.86397786645 
0.141308002669 0.117520371504 0.195502750257 5.76895754409 
0.147672405008 0.22390038746 0.0867589480985 5.54711888577 
0.18401817355 0.105370466344 0.156457586462 4.09032204214 
0.216729735358 0.0558701214694 0.148161699535 3.61647839095 
0.0111762076821 0.139783681348 0.00524442371335 3.68863677159 
0.15378859889 0.0706541387705 0.0200728956174 1.8234309182 
0.121284056177 0.209496685593 0.175191934807 6.91527912377 
0.0154223988294 0.0540200863372 0.23484621554 7.5325857836 
0.0196877730941 0.00462522276541 0.107269222164 3.1037884397 
0.19861308811 0.236501614775 0.170599636564 6.4230400678 
0.104642485637 0.0737853689116 0.0776714915336 2.57604335313 
0.0781033964508 0.237953345709 0.206557309521 9.05426518524 
0.0795091204084 0.249837238614 0.159252693965 8.27771265995 
0.187678310788 0.224251009765 0.108229743488 5.17052485356 
0.0717486671778 0.0396684711937 0.179563365233 5.07109045815 
0.086894004718 0.193228556749 0.209837272017 7.90789916093 
0.239570462527 0.175422285854 0.179942266011 4.87639659788 
0.238590743408 0.0248103756322 0.217580379689 6.34125078253 
0.0413648355591 0.236757317885 0.185433973527 8.70011263433 
0.0480643102142 0.133504205488 0.0961545585856 3.9917612718 
0.10826423126 0.129274201883 0.132386563529 4.27329288979 
0.13256107322 0.210883313088 0.120717045164 5.69339904679 
0.0944165424193 0.170645489709 0.0518865792193 4.17543438485 
0.0322882634536 0.13652882969 0.144286513198 5.09640373314 
0.22739816519 0.0867456633784 0.129931845878 3.05204561159 
0.010881639317 0.190176327338 0.0166193690377 5.28458183006 
0.0366929929922 0.0449528151874 0.0217343878203 2.0690904007 
0.0288062440219 0.135517845414 0.121881177178 4.57619177767 
0.0784864652219 0.107366157114 0.0311989431264 2.70894506151 
0.13881981753 0.183593353787 0.209669044037 7.20461763101 
0.153486724499 0.109746730333 0.176179472326 4.9460163319 
0.078032297062 0.0360853888163 0.239162244613 7.5268761303 
0.103474947333 0.0873377070065 0.238670570406 7.56200787181 
0.100003912066 0.0114608286066 0.0491433831237 2.02763375844 
0.101518198413 0.144922640362 0.144251932541 4.86963281133 
0.172231277863 0.133215179301 0.132132202663 3.81722350847 
0.217735963172 0.248650147049 0.21492906989 7.57029315396 
0.0712524451858 0.108810842294 0.116297838496 3.82401117986 
0.203956914523 0.0604059418427 0.0879788633597 2.26304851091 
0.0815928249813 0.0213013863955 0.200397304011 5.82050989765 
0.00420901818805 0.0114538433171 0.00266554541868 1.98254398 
0.120733325477 0.0258037846954 0.147729268743 3.89753860791 
0.149219908358 0.0200139239093 0.204846329516 5.86451430393 
0.179851343755 0.124450422928 0.219513011863 6.45016834449 
0.138636838183 0.0208682741644 0.210428804911 6.11063650316 
0.0677234016694 0.0804648890366 0.114029242798 3.44723824239 
0.101352218695 0.131304268133 0.063973556677 3.24546946597 
0.0579968757084 0.197646216111 0.205616958112 8.07970140708 
0.118309275303 0.162132596107 0.112002122682 4.40852188723 
0.00862757624687 0.186301829034 0.129642234977 6.01423206565 
0.0709337140826 0.243348630153 0.0206386604303 7.26402736899 
0.145685171038 0.136347477217 0.143333532578 4.3571661762 
0.0825033802847 0.0895284062108 0.0275311292481 2.39313147583 
0.187731659343 0.0342085163269 0.0696690065363 2.06184843944 
0.0876227079855 0.0670271372252 0.159807600526 4.46737957881 
0.138331188654 0.102692326095 0.0484771147205 2.38968734138 
0.0529451431985 0.230977609955 0.0684824783322 6.71756221682 
0.0980774350508 0.168775859825 0.124097033669 4.95164319 
0.123085495848 0.230605504917 0.156268361414 7.06579643176 
0.0112021777112 0.196497303677 0.138386528846 6.47503850188 
0.215599046911 0.0340455019103 0.188040939043 5.05630427508 
0.020474807018 0.0752933403122 0.0342026615259 2.45658192049 
0.179173857864 0.0855724750566 0.0163564205467 1.80398973234 
0.187068080134 0.142094401693 0.16444215716 4.62474478784 
0.174169181571 0.22380568946 0.077288340354 5.10154912269 
0.224914922141 0.0396434239061 0.0622294585936 1.90295477699 
0.234893320309 0.0438358581048 0.125835387017 3.04795851708 
0.0600490956684 0.105840354219 0.204330858041 6.45808626831 
0.205045247227 0.220213633424 0.0186819241837 4.50335382852 
0.180369865291 0.096005380378 0.0147152735097 1.89489354204 
0.224121291541 0.135970938877 0.0613016665418 2.26697897022 
0.229203010034 0.186156682696 0.197314156546 5.68779309976 
0.156474483452 0.184636997913 0.0306965416339 3.94239405437 
0.247956262119 0.20307495612 0.208842216955 6.0145762695 
0.130650544876 0.0253985523751 0.0264530677625 1.77915884999 
0.0818277962404 0.217079660531 0.136814019487 6.68657933703 
0.00488851701193 0.12969549897 0.0806774042153 3.83691423462 
0.230245563992 0.146193774344 0.185849474343 4.89503583835 
0.19319874414 0.173680883636 0.0142330155758 3.21838663621 
0.0200203559005 0.0192189409289 0.0149376924297 1.97892738492 
0.119463878415 0.195808067094 0.149934938297 5.96294194186 
0.0790634630695 0.184680190835 0.0375468780257 4.69775042968 
0.076840456639 0.0196208211552 0.171957553874 4.7758956712 
0.145233115998 0.0544625690755 0.0976919749339 2.63332034084 
0.0973607143402 0.136098635293 0.207378351804 6.73097418893 
0.0793724887132 0.103044442407 0.0368380076299 2.6567812121 
0.0373952318653 0.167921091697 0.0703497487394 4.56962508826 
0.206039459879 0.159262429925 0.0216342394506 2.703066104 
0.244978181436 0.0712402418465 0.0365042419189 1.54403343408 
0.191347916731 0.0881005218633 0.10280876431 2.65395918975 
0.0333945165257 0.230584053681 0.0779153249717 6.85316085888 
0.225441457464 0.0419526274041 0.120977440908 2.94694483885 
0.203758006018 0.248068246606 0.234597647169 8.46070016316 
0.0921520142574 0.193220658977 0.139117584121 5.92353410562 
0.228844654508 0.0664892708312 0.1131564813 2.66840291532 
0.192197037519 0.044494857012 0.109874608749 2.735372884 
0.0380084642863 0.0472417959561 0.149998167685 4.22640414643 
0.00727788250457 0.0524195222308 0.0780327325652 2.72441358119 
0.161439823823 0.0690512400605 0.218153864443 6.30799878368 
0.0343548167241 0.233555456234 0.0813188582544 6.99139842233 
0.068158128887 0.223023744165 0.107203104095 6.57113133369 
0.0410184780778 0.106703447763 0.109838266136 3.78985614965 
0.232668060597 0.0979080279094 0.139715223361 3.28754299762 
0.0043045983144 0.153014780684 0.150799303369 5.67229228157 
0.240830265491 0.0287172614183 0.182732161708 4.91450528501 
0.177631770338 0.0681468244371 0.159191205068 4.0670344876 
0.121239327587 0.208207471646 0.0247109607449 5.17845225985 
0.220834495506 0.0333274787591 0.114452327006 2.8500271973 
0.078746178834 0.0487090306911 0.0214422847653 1.97072211628 
0.156118601395 0.0402696386257 0.161392954222 4.21117560069 
0.0823196935004 0.167013593582 0.0723067764513 4.30084864392 
0.243702811524 0.02677966357 0.13837114941 3.52035592535 
0.156606763533 0.156924613731 0.117658539546 4.04055379242 
0.013012539503 0.150746529783 0.18396015749 6.5624183291 
0.058818862915 0.161941498531 0.0722555093512 4.31169367088 
0.118842443776 0.0425665147658 0.107418845009 2.88930038666 
0.153293111702 0.229140987028 0.208749045977 7.98120967511 
0.228992472745 0.0907958570332 0.0521121082225 1.76068281035 
0.115461657393 0.156281800812 0.131626941011 4.6869973796 
0.186674846849 0.0351082812749 0.0338897666322 1.6991697437 
0.0856827354057 0.0989621170364 0.132343753961 3.98913496243 
0.188724674238 0.106944275518 0.0698080325331 2.30519099901 
0.226958505644 0.226108960913 0.049142023974 4.2453678291 
0.153454878845 0.155080185488 0.118232114838 4.04761883723 
0.0014924101043 0.16977039014 0.018835680052 4.57839415337 
0.243622989458 0.129298117422 0.235716977331 6.61552670091 
0.026772460788 0.194702593914 0.207211343083 8.22505089929 
0.121933622804 0.149984064704 0.0275086572399 3.32168138122 
0.00923381446882 0.154556691023 0.178022227165 6.4582772862 
0.141612324896 0.0830540325058 0.247700454953 7.77310264502 
0.134469364142 0.0439590883695 0.0893230954692 2.49383316548 
0.151129172799 0.0241412758703 0.101614529824 2.69379227448 
0.140904821096 0.10071770084 0.11195707436 3.23723335027 
0.120868341482 0.122562696057 0.223467451045 7.05313205578 
0.210099894019 0.130185398022 0.0385946679759 2.16772364151 
0.118541033918 0.0793508468581 0.0302159839808 2.10817291537 
0.221879943724 0.189700807451 0.0117724769634 3.29387183652 
0.105020717831 0.0173841124964 0.0298948686606 1.85813275728 
0.201345412836 0.043192252166 0.246560288402 7.54158416289 
0.131875836022 0.218253076736 0.0980858075951 5.6538501147 
0.248942058178 0.103604688449 0.0526158767858 1.71634916058 
0.240504981042 0.112392248477 0.0233107513654 1.67364965411 
0.0614445065101 0.110520678158 0.0810571666308 3.28544159953 
0.0988126712681 0.105000994048 0.104079204466 3.3860760041 
0.0148102207948 0.0328810944697 0.152500035343 4.30536426973 
0.219447763506 0.0346767811895 0.193952390321 5.27453603129 
0.116612270058 0.211859993497 0.0619890363481 5.36155962305 
0.00617971188808 0.146472542893 0.1256216706 4.94557596166 
0.00433135591433 0.0377183797585 0.080391574388 2.68307678216 
0.240258915299 0.234364208543 0.238873779176 7.66722589727 
0.0592004760082 0.0638819093573 0.174801928777 5.04052863213 
0.134910162085 0.103543802025 0.0221978256901 2.29352878487 
0.10620078682 0.241432838499 0.00383990771203 6.96787744 
0.00549115002274 0.0188875255803 0.180831371878 5.24429891612 
0.107710735785 0.0823001079214 0.157227674669 4.40183274047 
0.121812467379 0.0842301536023 0.0494214119092 2.27052590012 
0.201324638362 0.0855881291641 0.092056170912 2.39497197116 
0.184255154778 0.191066889571 0.168593212182 5.5330737871 
0.0658953600938 0.143674190482 0.0501187587221 3.63407209079 
0.0727900759455 0.00462385413511 0.0534957752395 2.13648850991 
0.212765904649 0.233465765863 0.119019277986 5.16529499286 
0.127305971559 0.137997296242 0.188978151813 5.87572273016 
0.194565976608 0.122546527811 0.133970624511 3.55087945902 
0.0240499660828 0.0939660965388 0.037909399654 2.73006538921 
0.0691728393609 0.0277865327418 0.145450150052 3.95771988942 
0.102896005771 0.0569323060768 0.0694099755086 2.34678506872 
0.232219959728 0.0603568401566 0.152341870833 3.68768784811 
0.116996803175 0.0672469977725 0.136434862885 3.67667288644 
0.0772663808363 0.218160210385 0.167818918127 7.41058139627 
0.00537985232882 0.173101352089 0.120915592089 5.49565428716 
0.0865704584754 0.0573216037635 0.185256855622 5.28261840471 
0.0302146801286 0.0183572835376 0.003729214937 1.93568726639 
0.206204638437 0.00545751291847 0.148762833496 3.96874323343 
0.226615621116 0.0235376619547 0.0135547963744 1.64588253505 
0.237198623958 0.0930684446039 0.0560875371868 1.76477415036 
0.144999043419 0.169203241273 0.232251171746 7.76310610452 
0.0168318121097 0.103771436533 0.158904440046 5.03524990531 
0.0934155181997 0.131502198131 0.186904301546 5.96037725741 
0.193796923268 0.248939381548 0.200347410205 7.59710430541 
0.155733419888 0.00377016525956 0.00985161104854 1.75689161404 
0.0353026350367 0.23555867457 0.0439325300208 7.01859418893 
0.0519948385856 0.208658763366 0.110368069723 6.21331271642 
0.0162142192527 0.119506529758 0.170227259102 5.59690580487 
0.173681040889 0.0773736052987 0.170870434728 4.47557217511 
0.00111346141377 0.083465029282 0.229300805631 7.47768938361 
0.224119708454 0.1254067869 0.0811297963368 2.35981818028 
0.24281247744 0.14495654411 0.182154695214 4.64069288939 
0.0681125424282 0.230880813906 0.238351766395 10.0026753913 
0.100259962985 0.127178390414 0.0198940852551 2.94459106809 
0.121944708476 0.194453601927 0.0573943717427 4.68324084797 
0.136826408401 0.207070794853 0.205919456401 7.57959374911 
0.116094748991 0.160805561004 0.0811612251342 3.9619170272 
0.138052269584 0.0787320497474 0.160116916518 4.31686326574 
0.036717164931 0.245967208452 0.044956745093 7.50448650288 
0.248396091127 0.0324210432128 0.189687446517 5.1452130396 
0.102830185128 0.148587550408 0.0119574015177 3.44483272697 
0.153654063003 0.163795842147 0.108712037824 4.05123981084 
0.0371452923813 0.129472905008 0.00202968513902 3.347399408 
0.103257112515 0.0317261773037 0.021379966151 1.82757943396 
0.207201111796 0.144369058507 0.0300368548097 2.39802972187 
0.245452283749 0.230453381179 0.154390419692 5.08436891983 
0.0846176797445 0.00207857552343 0.192997976947 5.56100934711 
0.186616521498 0.215686578462 0.152431135413 5.66950704838 
0.103562680358 0.212156375323 0.224988252056 8.72095345495 
0.142153356486 0.0451364502159 0.145319019272 3.76277526811 
0.162741670673 0.0693739709737 0.1776940421 4.73980816414 
0.0149811943204 0.23315935513 0.0700123682382 7.00866364961 
0.0675951643859 0.10736902282 0.160770565025 4.95028224953 
0.0271120556875 0.127577414792 0.0139271514351 3.31708203332 
0.0770257313238 0.236809727449 0.0851535828665 6.84928294226 
0.171785610217 0.161373924393 0.162449486322 4.98874710987 
0.181298158639 0.170749534499 0.248561065376 8.07291704823 
0.117407979863 0.241320994735 0.149957767235 7.37313357933 
0.171478764397 0.186636297484 0.16384067699 5.48447238792 
0.0243683997627 0.0684805674323 0.241007273939 7.86505139844 
0.111527501258 0.0142600270869 0.104861462848 2.85673060629 
0.242999922218 0.230624690406 0.196741085556 6.16956661316 
0.239887483236 0.156890024076 0.206940262532 5.59979800014 
0.192752497632 0.0453728160342 0.104199898431 2.61299986063 
0.181359487265 0.196644753502 0.0205843851508 4.0297783908 
0.0444568355749 0.0741788918177 0.160354040826 4.68942702032 
0.112751190189 0.0370148399117 0.0231148937784 1.82089324603 
0.0821505377497 0.119874108074 0.091330798167 3.48910426703 
0.0719422700158 0.00984190959361 0.0203669252885 1.88496909628 
0.131891210751 0.0209198153322 0.106379694764 2.8358250297 
0.0145129780157 0.0275141505193 0.0174060555963 2.01918065055 
0.00681016120301 0.182449349141 0.12059491627 5.74415336619 
0.24259970182 0.128801328145 0.153108294007 3.68562700943 
0.00665956008862 0.046082539491 0.191737304049 5.703970902 
0.209566515711 0.129047485965 0.0355313919899 2.14368260379 
0.112038666682 0.158421234381 0.182185308504 6.092158799 
0.039276931734 0.00189956720806 0.0554893081842 2.22707231342 
0.0875238036141 0.174745556887 0.179829900576 6.53426871546 
0.115366969913 0.141331052229 0.164546099048 5.24893447567 
0.0887047291517 0.228285191379 0.0228098077215 6.37022764531 
0.152225463912 0.0830889599367 0.207304816418 5.93450236534 
0.101937474031 0.0469628039769 0.00785823932914 1.85173940432 
0.141140098984 0.0104418508301 0.193701617692 5.47365910524 
0.0507367089548 0.0248878880569 0.136975629448 3.76103637398 
0.0561275779861 0.135595835255 0.117653587132 4.37767236574 
0.0974570552571 0.0594244999044 0.142911508485 3.89121785463 
0.20049388284 0.0457536971234 0.0677534763854 1.98400739307 
0.197076782062 0.12611674629 0.0255394759494 2.17937510777 
0.0410264181096 0.14036733628 0.233262482988 8.14269427186 
0.0646976619417 0.174255325999 0.125055034574 5.34563132967 
0.0329238257252 0.235708624905 0.0271128413032 7.10516597996 
0.160512732816 0.127200909434 0.0825276126005 2.93565456179 
0.0017189659873 0.117576435932 0.166811443711 5.49809782913 
0.113152820851 0.235359989335 0.193146100557 8.22186382884 
0.195879753407 0.0502330608166 0.120467451903 2.9538233657 
0.133429885829 0.0170547200243 0.150710432762 3.97978594095 
0.0939221226556 0.067966410012 0.222746903561 6.79743671228 
0.229552211971 0.199128781973 0.149175390689 4.57882401084 
0.0906863928281 0.153410226729 0.208891356491 7.08717798639 
0.22175127693 0.189197820776 0.0644163377239 3.30566211196 
0.0154188895113 0.0648436200807 0.114126640309 3.46959276892 
0.0954995577044 0.135774506026 0.103760016488 3.89717963344 
0.0775266889167 0.023756561545 0.113837539073 3.11858191778 
0.13178771246 0.239909257651 0.0327091309918 6.34573053277 
0.195249060069 0.00939415259269 0.186252499064 5.17716682404 
0.152378775731 0.209795474398 0.185091422187 6.81423206682 
0.0276036951388 0.205536170447 0.112405977104 6.26222953735 
0.0940302402228 0.134380049922 0.0668782404699 3.38440879259 
0.224901355256 0.243227021734 0.176868237237 6.27028428605 
0.231655137668 0.0192537912602 0.174069223556 4.68774132154 
0.227604680236 0.146621506201 0.0742630892659 2.50230428684 
0.0262597486723 0.0487519161832 0.0134998385137 2.09641417508 
0.0751777524505 0.0896299058601 0.08013569064 2.90917619755 
0.0124229005737 0.0726802286689 0.182640500876 5.50682014561 
0.0375102163298 0.227401186593 0.0624157705595 6.64209057918 
0.217429633776 0.0132299963199 0.095218643159 2.605370829 
0.135276810393 0.0919643927665 0.114707378189 3.24382658792 
0.209264272827 0.0592891924444 0.00472237611768 1.53436327498 
0.227652596517 0.0868982047946 0.174748331349 4.34876822255 
0.0477649033072 0.132597613081 0.215504249331 7.27468452927 
0.0758048805891 0.0486645812989 0.144214838316 3.95541860217 
0.0631901646292 0.120324736342 0.0394378420927 3.06704775834 
0.0357559629294 0.00317961762957 0.168499524009 4.76264713117 
0.141279456487 0.0495135280346 0.0188132886418 1.75493780795 
0.041773932282 0.0622370319967 0.0561513451793 2.43682228322 
0.220927271397 0.196972773946 0.0330577092586 3.45035701213 
0.0268510693541 0.0384432283552 0.223292658896 6.9340866025 
0.180677772773 0.0835843527711 0.10820903802 2.79519722068 
0.0354261321808 0.230181587433 0.101527577821 6.99941301743 
0.150132612709 0.0759839201191 0.0671381672177 2.238269224 
0.12690648794 0.00676260552032 0.000928258233305 1.75761920077 
0.120848902044 0.231473584208 0.00843048756297 6.27060936257 
0.0696078297762 0.0922012470264 0.125348506012 3.8181675199 
0.138604775578 0.111052923585 0.239911731272 7.554936505 
0.0771792446328 0.133113470999 0.123962539711 4.34874127928 
0.0946896076495 0.196708479676 0.0516128352596 5.00627251389 
0.144523868273 0.0819236085134 0.211442403721 6.13872382738 
0.182907921161 0.0200594548612 0.171709285323 4.58047334633 
0.22276882397 0.188073361644 0.0421752377711 3.18471073886 
0.0644189200424 0.171469364927 0.0583361517175 4.44507874302 
0.0714137167685 0.153224527541 0.129520693636 4.89790161904 
0.0953970302026 0.0511852871735 0.108811370704 3.02333016841 
0.157632145782 0.119771253638 0.044645751086 2.47724330317 
0.0473986189333 0.15250755801 0.227262606347 8.04529279321 
0.0713283392278 0.179911860982 0.0223949394321 4.60126996518 
0.0960318642484 0.202952368645 0.00697667955308 5.3226371118 
0.151506298429 0.0924321247771 0.0129211548159 2.02825600313 
0.162618585465 0.242930729718 0.178433597958 7.38704914889 
0.214602169003 0.189218017563 0.0129279416122 3.37613709036 
0.0889942184182 0.0690771742789 0.229022806227 7.09942703142 
0.183274681301 0.0860326288322 0.173380823535 4.53231346225 
0.0903816715303 0.0176690546024 0.204938682421 5.98860490045 
0.200413912237 0.210385455176 0.105818888476 4.53922887587 
0.0093960554722 0.169310387438 0.235540688312 8.81466673825 
0.0447683547346 0.0414037414143 0.10500377615 3.05347883758 
0.224175592682 0.190912883732 0.145813737962 4.43109042814 
0.226527600602 0.229490774744 0.101463617214 4.60473405297 
0.0277284901065 0.108122633223 0.0509715144451 3.04753997171 
0.0824147494313 0.197508791512 0.214551735529 8.20473683171 
0.00851782864497 0.22419724859 0.0430194775402 6.61334360361 
0.207363546766 0.186093298885 0.0571095604047 3.38882601642 
0.223752990498 0.153589283208 0.248061056933 7.42943039373 
0.151394486084 0.0135535883343 0.0626859608016 2.0926346157 
0.0366066621276 0.20592531053 0.103380303145 6.11599022376 
0.0934910259704 0.100110644038 0.0408302579848 2.56132238745 
0.0145583645446 0.212177186504 0.0825997417981 6.22591634579 
0.23520605492 0.033950407084 0.196482349547 5.37920554353 
0.172438964339 0.0398723224727 0.0506512847131 1.85768146498 
0.069601245676 0.133238945701 0.127016401286 4.45929167736 
0.074506299319 0.236732741665 0.05615943159 6.78360791346 
0.196581886579 0.121472050211 0.210865687148 5.94925551493 
0.0685409125699 0.0262057169338 0.109150456399 3.03858792868 
0.0396572610516 0.0937168977599 0.151896459715 4.64081291641 
0.0381233316769 0.247935186779 0.22400675993 10.2078953728 
0.0918096156859 0.157769736778 0.232979491967 8.09449697766 
0.049239917041 0.0329886533909 0.135633657311 3.74271863181 
0.236104797122 0.0170181606769 0.0126741826277 1.71510741124 
0.239872717393 0.041393090247 0.0929992221979 2.35609983078 
0.0805692708945 0.219385610206 0.233303127968 9.41601287932 
0.178112179175 0.163442481573 0.0317144287956 3.11280625467 
0.00199738008316 0.000275666638927 0.13697075357 3.87156200454 
0.193817545331 0.0161552217388 0.102092819489 2.70069171537 
0.109720108494 0.209767034339 0.202868807415 7.85058328598 
0.0600994072591 0.0834707114 0.107857024673 3.37905386858 
0.020522668047 0.242640507884 0.126637894964 7.85917843607 
0.246450653644 0.180781742787 0.0562073899011 2.7353512126 
0.131044920871 0.127580898781 0.153825499603 4.62715559715 
0.23227676126 0.209932566408 0.108209726454 4.05795269433 
0.11543255825 0.0586801478953 0.197151677708 5.62654575488 
0.231601709496 0.233533912198 0.125930195934 4.92379478663 
0.0797458720486 0.170067761758 0.0181738184587 4.22725240058 
0.0445141594981 0.0440824352283 0.0823467666128 2.65045273916 
0.176701184441 0.240637208052 0.172083758125 6.94352089167 
0.123333368157 0.174719605277 0.16656179862 5.84447607362 
0.0936295860442 0.18858456421 0.0204945519371 4.73606522254 
0.139055135493 0.234935196058 0.0887796407479 6.08763314461 
0.215676485806 0.044581520464 0.140296999415 3.44131363297 
0.162096702249 0.236186743075 0.218577021259 8.34192329949 
0.1592587867 0.0326882277181 0.16679104462 4.39429872856 
0.181697709478 0.0444376945126 0.060451328656 1.93771941453 
0.0559964482065 0.187197652663 0.249036800509 9.51901053109 
0.0239282978624 0.0236985600032 0.165686356375 4.6859794398 
0.0911708552695 0.243063424657 0.194274224258 8.73749313649 
0.0444790164291 0.243259026904 0.127077080287 7.76838204048 
0.238844426628 0.155572664638 0.139323862349 3.58843734472 
0.117100406959 0.225457622866 0.204300924678 8.21832455611 
0.0941594776419 0.122165603966 0.110806007354 3.79414773655 
0.179535548315 0.0707751776059 0.0681831295872 2.08426600733 
0.0246906832926 0.114269546963 0.0362053299056 3.08118644169 
0.112621476591 0.0130242154874 0.155951073781 4.18835926188 
0.028349224295 0.209436594672 0.0299274647286 5.94128692772 
0.218529509692 0.0840022567179 0.10241769198 2.49051129084 
0.0707724284909 0.0434170038986 0.206053382214 6.0945057578 
0.0988524842734 0.218035045032 0.210685186526 8.42255204409 
0.127150960591 0.0884215887355 0.0495149266458 2.28876812681 
0.123930638447 0.237677228916 0.105488916228 6.53126659812 
0.145541573446 0.0446939765407 0.0977984280632 2.61576925558 
0.0891064591963 0.172439123984 0.248080994582 8.98806785916 
0.0169738259795 0.0518973419654 0.0679474022456 2.55739972437 
0.22849441589 0.0836462263494 0.00600843632307 1.53384830045 
0.156660142018 0.0531362195182 0.208105742709 5.9036154345 
0.0175022977087 0.117936254781 0.0650122502458 3.38817272146 
0.167549931312 0.218188306594 0.212992933442 7.65386564037 
0.126365476655 0.119257218434 0.0696865502894 2.91343504646 
0.13606190946 0.057689935482 0.137972520542 3.60073296452 
0.0669851557237 0.0114986355042 0.211767986305 6.33153775138 
0.150604650171 0.177789515283 0.229606191019 7.72362843626 
0.101865810374 0.120955503288 0.0132696997572 2.80231778216 
0.15671398232 0.0278542237026 0.14422488086 3.71504661081 
0.0648835853381 0.200883678279 0.152807844308 6.6456689493 
0.132183026692 0.14047464231 0.117494029647 3.96056591356 
0.189470590291 0.226951635733 0.232578019879 8.18333845904 
0.223886219882 0.00136846056581 0.0589432305837 2.18474631682 
0.185683584876 0.00576028700248 0.222115395373 6.66614779426 
0.0651177731394 0.000823026490976 0.06486287943 2.29423772055 
0.0595222603025 0.081791137469 0.0394066836605 2.44692408105 
0.220644533078 0.017064374201 0.161006609343 4.25648203426 
0.0818837979407 0.0507199885946 0.242293364476 7.68441066654 
0.244927266155 0.0510916533026 0.0652173700467 1.87044262023 
0.120284689308 0.0388859337129 0.118383415967 3.12315091922 
0.141463630424 0.0235461080178 0.0825705241909 2.36446006991 
0.0600657445687 0.217689042115 0.0756567419012 6.15846989355 
0.00637854109951 0.227911137633 0.115426884284 7.17891327487 
0.204249245168 0.0539468124787 0.0699050807056 1.9920215034 
0.0542285259355 0.240234110097 0.206142409582 9.30568852235 
0.173509823709 0.230930437391 0.205330077964 7.61804998436 
0.212382232187 0.0679382236232 0.23485125446 6.84205653196 
0.104061226972 0.126407954286 0.0537738774084 3.04457034465 
0.223421026492 0.21633187243 0.153442307929 5.12387240355 
0.240995153294 0.0377880350491 0.078665169407 2.13967021351 
0.104081667332 0.0698568466098 0.101505946886 2.94987523513 
0.0838437271583 0.0996918336484 0.135953069942 4.09649105295 
0.157017120642 0.172395400077 0.0936773433112 3.98734247412 
0.213238346412 0.108628626771 0.233027107557 6.706565967 
0.110240974669 0.00917974663935 0.0763377649924 2.35573954849 
0.0611644023906 0.120540974899 0.13284564574 4.41893811102 
0.0836730123721 0.0366353849501 0.217686436079 6.53603013161 
0.225440402001 0.0769584634876 0.210380332895 5.7005487802 
0.0414999419302 0.0380302821574 0.151249318338 4.22002981386 
0.130648512294 0.198113408816 0.0449953799493 4.6798028651 
0.0240580685375 0.104017764832 0.00173924775426 2.83345441002 
0.123134731143 0.0780356416283 0.228161301775 6.94580421063 
0.245175747945 0.0656699907225 0.0595860590427 1.75133839748 
0.186865829696 0.175812528363 0.226126147999 7.136508039 
0.204211989203 0.194880562625 0.0362954262545 3.62812988568 
0.217282825981 0.2273517806 0.187964825789 6.31178639741 
0.236737686218 0.143691745981 0.209643118716 5.65597436419 
0.181044290965 0.11742133293 0.120345473783 3.30155370497 
0.186357903481 0.181603455752 0.247292952451 8.08200114443 
0.123426339506 0.181909489493 0.122623362006 5.01732657037 
0.0689071913063 0.0120091075349 0.0902153991157 2.65961365315 
0.209007553089 0.147100932282 0.229745052953 6.75343487491 
0.232458645477 0.176467278853 0.0399050369186 2.7739240158 
0.203210896922 0.144106970858 0.024483891893 2.42584436416 
0.0966866802835 0.121227212815 0.20518290037 6.46842986866 
0.236575850372 0.0323346080903 0.183562544128 4.9062932513 
0.133523348184 0.1581422169 0.146229807637 4.89775003643 
0.0778825116318 0.172416940621 0.0406388928543 4.31437401472 
0.0411920965159 0.121085324904 0.0731477627451 3.45922832614 
0.0127250363182 0.24378680731 0.185381562682 9.06820754638 
0.220936700889 0.221504038399 0.21569219055 6.97170825751 
0.154753010546 0.224809298968 0.0862721942367 5.47755392073 
0.115985460709 0.141165114118 0.175215511078 5.56156086158 
0.219718798405 0.240625422081 0.13961851421 5.55308689425 
0.0685029150252 0.173267007341 0.199397125824 7.26171743561 
0.238769001334 0.203680694309 0.0407664320726 3.36485942308 
0.0981165761735 0.0712477862658 0.0382950730971 2.16603724943 
0.0553217221764 0.00558466546216 0.175467900581 4.95972004584 
0.0531398135585 0.132053806666 0.241241411259 8.32870062658 
0.202333544433 0.0968756093675 0.0830935210542 2.30809371864 
0.0170878866381 0.00205590857375 0.0127712073147 1.97861935026 
0.193619422013 0.218986402241 0.16316179399 5.88164094902 
0.2063628766 0.215500451004 0.0342904883412 4.25001486499 
0.16600164298 0.0459379447695 0.237460741243 7.17855851429 
0.108202124125 0.0311874039426 0.135600946001 3.58432488185 
0.0908180076384 0.0562516413091 0.0231413309896 1.98761706469 
0.0299760498562 0.227758999999 0.174564295669 8.18915527584 
0.206719423802 0.117059106869 0.23133597309 6.69773519737 
0.224744454722 0.177015494508 0.153819881269 4.37895412425 
0.0371158619988 0.165549385611 0.0923977056577 4.74107602351 
0.230610949528 0.0994977359421 0.157271337428 3.78922106342 
0.0476353080312 0.17169828822 0.116238984595 5.21641334696 
0.0368452580778 0.219823936241 0.139187884281 7.13474759442 
0.0448665268637 0.0569723425259 0.0195629266564 2.13025869603 
0.179414170391 0.0824984386226 0.00406264351073 1.76902230377 
0.234368163286 0.0440626228285 0.0384356111715 1.64499687547 
0.232888107504 0.101784454512 0.0943565891526 2.32687053114 
0.064787770678 0.176351339461 0.076016286175 4.71846413406 
0.230788480753 0.176996510918 0.117289978262 3.53896150036 
0.215691211137 0.0209285287031 0.249010284119 7.81804525373 
0.064030578594 0.0106796763295 0.153928236975 4.22500302926 
0.0597447840651 0.165579512055 0.127176006297 5.20025820872 
0.149464009338 0.201034033721 0.200489974437 7.11734198116 
0.231395562874 0.0856476963882 0.178573175643 4.46209144888 
0.140740083799 0.105404597714 0.0603941640484 2.51420181743 
0.132532797041 0.0214153260537 0.197105258332 5.57860004436 
0.0927002958745 0.0617768139152 0.0936165797759 2.79271132063 
0.0986294724106 0.209710434597 0.0689603513641 5.49874238375 
0.10736035531 0.00300450976768 0.0212513110262 1.8431910042 
0.129420122978 0.0437222338481 0.107044989675 2.85043121052 
0.0815054123546 0.0622683319015 0.240369541179 7.6252451505 
0.0846314340609 0.185238852357 0.249049098862 9.28399543564 
0.063018738841 0.000410238008287 0.0336880868125 1.99186932146 
0.162296617204 0.121523899105 0.0155795152906 2.37952687433 
0.2453917255 0.147690941324 0.0823319447326 2.42729062695 
0.177539125547 0.0896611939292 0.00954750965851 1.84342435526 
0.19475312165 0.00195884038644 0.186361743512 5.24681926528 
0.243174755958 0.20117041725 0.201880376776 5.83369454306 
0.136644205576 0.249663571224 0.146527387881 7.3530033014 
0.15767164517 0.213414828791 0.0921720878549 5.10091276379 
0.0203582959369 0.0647285297727 0.225071513411 7.12693444779 
0.233975758343 0.0250440489799 0.0766908554167 2.20411274872 
0.106822622078 0.0343369308539 0.156765809982 4.20355526097 
0.035637834943 0.124923434678 0.0129360695765 3.22548198475 
0.0236447658073 0.219520382889 0.0308024269792 6.3870533959 
0.0115625529028 0.17414566844 0.169017637186 6.61057795828 
0.0716105384887 0.0832291281156 0.248872640341 8.16611840485 
0.111902175228 0.0523435982899 0.0202198249039 1.87590054428 
0.155428819494 0.0912098975699 0.0604395734346 2.2604469038 
0.167507063594 0.0412005232073 0.202673771341 5.66875874043 
0.107403417163 0.10285044632 0.0887080346113 3.04587491481 
0.22935889955 0.125666131283 0.103254256085 2.65709796798 
0.17122947341 0.160240662725 0.0308230830204 3.10873870755 
0.249746432068 0.187742530822 0.119737319918 3.50824456763 
0.0399801997963 0.149516388757 0.184308287957 6.4558149181 
0.229026457089 0.0731508009107 0.113716659031 2.67059979517 
0.00819704608229 0.136592485563 0.139363523831 5.05005547273 
0.128521030876 0.00911855833327 0.0563019887211 2.06285209278 
0.101820109203 0.0977897832235 0.0095038180613 2.38497919153 
0.0809644371363 0.127162830285 0.15963223735 5.11922046847 
0.23083316887 0.115396978104 0.036238092641 1.81248303607 
0.234931468912 0.241433938147 0.00683949408628 4.89404768565 
0.0472796012125 0.209466651861 0.0893476454846 6.0338644607 
0.212627184422 0.107659706592 0.247095590154 7.35247919766 
0.0907884555071 0.186437808741 0.185765839799 6.94420918102 
0.217284434298 0.0314693660596 0.0393122146524 1.72233670555 
0.0821506807483 0.107272082872 0.0754009791534 3.05814509333 
0.166765136661 0.0112581325216 0.0905024350445 2.51606579692 
0.169270480444 0.0989521254394 0.194701714282 5.41538048238 
0.237587454324 0.0923798047926 0.155096207252 3.68220544544 
0.122775173435 0.236743780344 0.199378330734 8.3202133241 
0.23711033336 0.194683022388 0.24510922369 7.44120558988 
0.111414170579 0.000153546810787 0.199066004371 5.76703388427 
0.138968038383 0.0849864625273 0.21919488776 6.5031586846 
0.0797415088481 0.0464297889843 0.0107100825977 1.924058692 
0.0130162715546 0.0941745703899 0.0130654446872 2.68011449755 
0.00202766509381 0.0419585081217 0.120106299369 3.49038185618 
0.15010013799 0.0274233478378 0.193431160313 5.38315389496 
0.122041191703 0.101125652376 0.128748700955 3.72712928409 
0.130723034736 0.0558038193276 0.191109361476 5.3312594762 
0.193447286024 0.0156638162148 0.164482127776 4.36415796593 
0.132586022636 0.0521774189509 0.135732386334 3.53964278037 
0.156332775385 0.193181946807 0.0883339412797 4.47036607965 
0.185706158417 0.178680893903 0.151857746239 4.85517556467 
0.103165637851 0.133789284812 0.132542410468 4.38542798135 
0.0862481841362 0.198774511447 0.0839502796086 5.33532428737 
0.157379086928 0.0580537177066 0.047020029245 1.89859598515 
0.00213645632838 0.130359946083 0.088045034121 3.95608701451 
0.133291326913 0.0496538777416 0.149600793737 3.92090090906 
0.242907443866 0.0302877437622 0.18504881544 4.98643323807 
0.199995237949 0.154037247547 0.218297171312 6.44189015013 
0.189660123905 0.236717360678 0.0730699177904 5.29818120799 
0.0536880359669 0.249379821074 0.0443013231199 7.5670361213 
0.249616095724 0.193854285245 0.00130265306047 3.0749851423 
0.209220174441 0.022260989089 0.0656538069242 2.05214314073 
0.0990701773322 0.200924353076 0.13229816459 5.94754653193 
0.153675530899 0.119529533439 0.0666673769924 2.68579784965 
0.215329920374 0.126254494246 0.0250788999941 2.02569151074 
0.194241908167 0.0790629174396 0.214331420295 5.99796131299 
0.217289349316 0.00885415318281 0.0577364107143 2.07460357661 
0.0161052333888 0.191531908176 0.166217269711 6.95806219869 
0.103495540968 0.248096344418 0.103427682307 7.17960298623 
0.133413059793 0.244325447918 0.152201062513 7.30917665411 
0.06764452783 0.150355921652 0.249411006346 8.8603768153 
0.0610913646643 0.0941606292237 0.193475739621 5.92789261141 
0.208082290849 0.0643084222557 0.118637269233 2.85785900362 
0.208994116851 0.169551462383 0.233688542445 7.09980927357 
0.112944715277 0.0159740117576 0.194514063368 5.52986125839 
0.241084821121 0.0550935911893 0.023522988702 1.51169195341 
0.0397974120291 0.169377567103 0.223918691084 8.2388689125 
0.146612091437 0.179560962238 0.0920445100877 4.25750500521 
0.209831760912 0.0428114399481 0.0920330297887 2.35433191599 
0.0493407362643 0.186145459895 0.10944064903 5.50044576361 
0.0749562042569 0.0315022208861 0.0454168788323 2.05804454353 
0.234220263866 0.100479080334 0.114914751469 2.70237056806 
0.174723982312 0.15019270111 0.0861719497155 3.23988117194 
0.0875250911495 0.155269353742 0.0791742620586 4.02823653443 
0.131994355281 0.0266949353362 0.00952008576999 1.71711148173 
0.170660013063 0.249435761984 0.013974661963 6.33758561132 
0.0884319619174 0.0545060946225 0.115981051195 3.22000128078 
0.178706525154 0.245495441557 0.236058377471 8.8947879284 
0.0224852564675 0.186109314486 0.246873914394 9.56729199269 
0.177104928222 0.129912684737 0.062885125675 2.61702202612 
0.0283110270686 0.0785907593953 0.206598814246 6.4152012204 
0.133896570874 0.15538263571 0.0544787795673 3.44490463104 
0.0772215733359 0.249272398546 0.238687050093 10.4520515575 
0.198127248344 0.0493099874972 0.12975526234 3.17805756621 
0.158239578852 0.182951479591 0.209005024083 6.95095067252 
0.239205673254 0.110652029687 0.127948031157 2.99399815393 
0.0284570029997 0.11432360927 0.170641381062 5.4997344845 
0.0270348718966 0.17351813399 0.226912737863 8.48846589947 
0.159626308086 0.132308567053 0.0950707832738 3.20197514572 
0.0017530409009 0.18133296533 0.227847724346 8.75594292097 
0.23221072281 0.244126581311 0.114595407644 5.08110394976 
0.129495571396 0.167155019508 0.176413677769 5.91742063688 
0.105188348416 0.196626929808 0.172269643255 6.67453066565 
0.122072352859 0.062300097402 0.0652024219326 2.2507272274 
0.143756836578 0.110390561924 0.0297154979102 2.36033456756 
0.0270683942787 0.199096294487 0.0160351913337 5.57856985465 
0.10718081575 0.222019666715 0.232959776211 9.20810754553 
0.00228334362665 0.238526708985 0.121074930498 7.67643693733 
0.187215141417 0.0175183136438 0.161439253875 4.25298759853 
0.227720701943 0.231298163435 0.176013284801 5.90821996686 
0.215737897017 0.178437798997 0.0222274381946 3.03889973858 
0.135482034686 0.107645953472 0.096033780763 3.05408255519 
0.159767219663 0.0487080860338 0.124034825742 3.14486305575 
0.167461420497 0.064805052456 0.0715981988983 2.15710835466 
0.242438050241 0.161669016662 0.185485047015 4.87457607013 
0.148204272216 0.0853981335566 0.0661549943612 2.31091034993 
0.0366969602792 0.00431485748198 0.0121402942569 1.93491616844 
0.073859180315 0.129365399057 0.207730870229 6.7990424192 
0.230936715333 0.138775456544 0.00921173334419 2.07332247498 
0.0926152981275 0.171084723641 0.227463243561 8.07936113546 
0.242372437747 0.0952586365643 0.134413963581 3.09689085227 
0.181747792609 0.180010021205 0.233033437556 7.52739932707 
0.242298952296 0.0153702686753 0.182976130616 5.07081583536 
0.0834594491648 0.0137222446674 0.0806633094581 2.46497849408 
0.0657770346864 0.0450485959744 0.137468482295 3.78490783103 
0.0709671341081 0.197859819848 0.00638899151517 5.33193919329 
0.0769339124964 0.128495162787 0.169003193682 5.43945419951 
0.0131399411968 0.0102162218262 0.105321087352 3.07070775654 
0.242428561804 0.224948582976 0.189681159498 5.8704029145 
0.181520961964 0.0125683045341 0.0989225169582 2.66191379384 
0.0424689191538 0.203025152776 0.0325025185922 5.60864371763 
0.0992088426099 0.197154209734 0.101693359259 5.35923786735 
0.113592336418 0.199971715652 0.168197731882 6.56898196718 
0.177517866623 0.0758632320947 0.169411671449 4.4055466279 
0.0293173374512 0.155469346401 0.116583503857 4.89988942768 
0.171740601704 0.0566568823515 0.207799366717 5.83536835657 
0.0229224846634 0.164946695763 0.240046895574 8.88549397454 
0.031563231151 0.00476051451126 0.0355068729924 2.05570130627 
0.16640382263 0.064717871145 0.142044113223 3.60715954055 
0.208250060641 0.185545384034 0.0811689335237 3.53012264353 
0.132040033633 0.104296384661 0.0623498424992 2.57507472226 
0.0864198527497 0.14941268376 0.214457352592 7.26446244536 
0.228611828545 0.182714627566 0.239381785999 7.20823081613 
0.187144130598 0.0312335640414 0.152312892143 3.89097854886 
0.163448829933 0.141782247408 0.197250781473 5.89855253705 
0.075203574746 0.155395088421 0.0339300780199 3.82036761536 
0.110728063748 0.0802286322631 0.109080299847 3.15232009684 
0.23611433065 0.019570911892 0.155978102606 4.09663794354 
0.178349119575 0.0198926831605 0.121673941413 3.12075969972 
0.175931415593 0.238529886215 0.08204673241 5.63104272423 
0.150861528787 0.104104733605 0.0308268270101 2.22533017911 
0.131075812691 0.111487424294 0.00829259859878 2.43556783426 
0.0723884519038 0.0621581601037 0.218824819473 6.6848081971 
0.126840828412 0.0598792807759 0.0805705371132 2.43066547384 
0.171177786198 0.0570136656758 0.0479005402327 1.85232613827 
0.0901921761852 0.240671413937 0.0513516240624 6.81598377194 
0.097098268968 0.111848895723 0.217704070976 6.86349987064 
0.019628012987 0.196196300729 0.135071655667 6.37416992707 
0.212651731309 0.130876027681 0.164623150012 4.28444244062 
0.205410261489 0.0011855155772 0.0998060622408 2.79326463636 
0.148589244926 0.221778677236 0.244662969235 9.13966733295 
0.00506010384229 0.0178921143411 0.0947960797328 2.87893306309 
0.0923648644268 0.116689476382 0.215043535859 6.83114656101 
0.0762755051498 0.0903730218612 0.0965872337461 3.17745292164 
0.205631828035 0.0436622698097 0.168797231361 4.33104765193 
0.0627101732711 0.0939271607427 0.233145094753 7.54145402814 
0.0925200678965 0.133623368774 0.147454662811 4.81781579631 
0.189019416059 0.0535647425552 0.171654505793 4.43409149572 
0.14238727935 0.168528405539 0.24574088309 8.34840407902 
0.122548662658 0.155805395549 0.170307078975 5.59721695996 
0.210130948605 0.16516986096 0.00517095215743 2.83417954854 
0.0667830188896 0.0133060264196 0.191586118712 5.51602734543 
0.10842748969 0.0629542893031 0.109403973172 3.0468521255 
0.18085443708 0.116413392737 0.0580006486342 2.34994608497 
0.204650418725 0.0677460958424 0.0240368139793 1.60639418163 
0.188204612948 0.00342995414274 0.15337463448 4.10652314305 
0.0956861080593 0.155733780881 0.190877096718 6.45543720553 
0.0972522433194 0.146473264023 0.162706521302 5.41599538568 
0.0778890600184 0.0686652672242 0.233592208668 7.34801233706 
0.243053763614 0.105678983648 0.18725658441 4.69068686397 
0.208348546293 0.104304217663 0.0983953634927 2.56570920508 
0.0580106625079 0.187815163975 0.118897789087 5.64845052595 
0.223679874113 0.055014459037 0.106415889221 2.56708712146 
0.215829764642 0.243495079436 0.0466674989779 5.08061193071 
0.171571240565 0.0917247026551 0.0520543232372 2.08969070408 
0.179267033984 0.0260001482471 0.0904229554099 2.43149546416 
0.125053500788 0.0721998312274 0.0256845465983 1.98817350499 
0.227843073552 0.223478530879 0.0637281950413 4.16170748203 
0.0907591443356 0.143387140038 0.24256349669 8.31561549318 
0.179153252341 0.247066555163 0.13975615661 6.48153062914 
0.214292198552 0.206956783959 0.0582397685115 3.86324462385 
0.0941251026422 0.109247135109 0.126580078202 3.93616787349 
0.108777192286 0.0914335938916 0.0443022297349 2.38258843335 
0.152576366144 0.138279948013 0.197702236505 5.97231099087 
0.235031679462 0.142362660983 0.0542262247648 2.19507808342 
0.161185871356 0.162230914552 0.03598379381 3.27121431076 
0.214894821628 0.0442304375216 0.0309838694326 1.61452538822 
0.147511126128 0.0352467667827 0.195434734035 5.44674543145 
0.196975090622 0.148277033106 0.159250656966 4.45297735986 
0.134113724134 0.000977883621608 0.106262193434 2.9058785569 
0.165193269301 0.0750781350244 0.0443458260745 1.93060407317 
0.134453096555 0.00960586619282 0.188489440401 5.2865783504 
0.0223161836669 0.167384269175 0.21292048238 7.85312840875 
0.244598644788 0.21200108635 0.132491216357 4.27366663345 
0.0620877058415 0.00688608781978 0.115324446196 3.19575285247 
0.116415516335 0.168245645255 0.237597324966 8.24579239906 
0.0819697405853 0.147561088879 0.134536155605 4.82460414637 
0.221131055053 0.0498086742409 0.0369123586776 1.62813565687 
0.0735548819351 0.0140266018969 0.19086278112 5.47322184039 
0.0555516029036 0.0979198651432 0.0301064370606 2.6471773054 
0.137557107071 0.139011244739 0.100619075508 3.58813994516 
0.0518590280198 0.0947981349327 0.18610090109 5.70370888855 
0.0321783400716 0.0173754072025 0.226261666011 7.03471066018 
0.144700028567 0.0425401715735 0.111134745248 2.89012961224 
0.0641276055861 0.227832206471 0.167760720026 7.81935419451 
0.227272108968 0.124336011008 0.158457905782 3.93703948907 
0.125920678426 0.0369067410387 0.131789739021 3.43701328856 
0.0284560598574 0.205668138841 0.0155452755539 5.84313501831 
0.144529134728 0.10678204332 0.170788725011 4.80783577183 
0.226986656546 0.153664613873 0.233336253386 6.75551744454 
0.0274913011284 0.193704173334 0.074966985024 5.45901258322 
0.242376302939 0.0676368095478 0.172090713352 4.25735915027 
0.0070775415645 0.112820853766 0.0557793349507 3.23004337721 
0.237583285159 0.131918993385 0.0594764953704 2.08148500263 
0.0197047442951 0.0937251965053 0.0829703059289 3.20384554204 
0.24700832392 0.0584539006339 0.025079069115 1.50108561468 
0.00566214470887 0.167268706802 0.161184365611 6.25333051525 
0.160731176915 0.223447775566 0.130664387366 5.86432749501 
0.0608302009685 0.226458760814 0.0654929438143 6.46272918121 
0.218906151045 0.153869312036 0.196614493007 5.43935282824 
0.0230580709038 0.048077923985 0.0967241627115 2.97801109212 
0.18891387136 0.0992080475035 0.149009089234 3.80950205111 
0.224370709746 0.237554908221 0.170022314745 5.97805091253 
0.135317537835 0.160565979364 0.106869758529 4.13350945731 
0.148082641253 0.0439869931653 0.213480572911 6.16354095841 
0.0151325005796 0.0958324362149 0.248290061656 8.41866258484 
0.0160513696764 0.0640600369566 0.0296752208917 2.31660335247 
0.0956510946006 0.169689817869 0.0594415908619 4.17851672116 
0.217599042727 0.128616208881 0.215560749628 5.99273244017 
0.151484125206 0.0185148563665 0.0272557021442 1.75768748757 
0.0555982363727 0.208479766194 0.0794259204132 5.86617408499 
0.0555613899956 0.188768140919 0.116417012134 5.65040651993 
0.115393258842 0.147825732758 0.241925480074 8.16124151407 
0.138013506732 0.10832301904 0.148030925928 4.1928048808 
0.00248776223096 0.173310428531 0.166313822832 6.53903300282 
0.227532667081 0.050740852454 0.2340680786 6.85682633792 
0.0630839581179 0.0620231399432 0.0374550868829 2.20746890258 
0.201091651475 0.192677803206 0.0290545656031 3.61423670897 
0.233155286585 0.201819883511 0.178608997211 5.30057000611 
0.0738033614626 0.0141646748397 0.0554841083777 2.14293760789 
0.113534825362 0.206202173083 0.12078338059 5.76541513336 
0.184226344656 0.11922271394 0.163658383849 4.401941295 
0.0290295522992 0.0492738495793 0.0426725034831 2.2431840163 
0.100749554997 0.146357102724 0.00179170323504 3.43111074118 
0.041231358542 0.12384603661 0.177467413649 5.80744773214 
0.098756178479 0.0175029101414 0.139058857764 3.70877319419 
0.0672744659752 0.0211566168731 0.196501350022 5.69947671283 
0.143387845784 0.144226695342 0.237303378043 7.68278891012 
0.204164737846 0.229433529697 0.0626606633709 4.76218545244 
0.0540977617855 0.053937173274 0.204229534412 6.10296105657 
0.187138955452 0.147755003418 0.0808354695666 3.00610677879 
0.0999597145069 0.0650301605032 0.0669249478383 2.3802408065 
0.0139164463762 0.130125679099 0.0807722861661 3.82482424694 
0.207944155131 0.0312071061541 0.1999298897 5.53874228442 
0.184095105097 0.23882580801 0.238035601725 8.72093581805 
0.0309515484846 0.0679152522591 0.0174341855481 2.27260387291 
0.0629791718542 0.0919699482256 0.201186556977 6.19140097611 
0.0376758072352 0.0884479295482 0.021754477815 2.53379887447 
0.0598354009042 0.0312628090287 0.0913034508611 2.71487369718 
0.00115631505661 0.00174965919776 0.196782250114 5.86670302762 
0.0519132039413 0.00212883905403 0.180753289158 5.16165880138 
0.0870155677194 0.239203824122 0.23427275196 9.91251696385 
0.0191278981464 0.165486732267 0.0632823064839 4.51386767294 
0.0130989124999 0.0215579433198 0.121539654006 3.44297362296 
0.242146309377 0.014606004645 0.0459777684177 1.9486356672 
0.216027706291 0.221115778005 0.127590201513 4.88381470874 
0.153647475568 0.246049544895 0.103764412678 6.41962985098 
0.0850423500032 0.151116595638 0.18808193399 6.35863684725 
0.0533247882518 0.0831416962448 0.115842123778 3.56816799323 
0.0204927839851 0.209138559189 0.196165955816 8.26464142019 
0.221975455671 0.221004444873 0.17914289454 5.8591288202 
0.201480560696 0.199149654241 0.12616419757 4.54125842038 
0.218158734485 0.16471064184 0.164540517682 4.56880896404 
0.136381979472 0.176552744204 0.0251914038742 3.92238241167 
0.0364455747574 0.223418809597 0.0136055851026 6.59578017803 
0.220161579171 0.19300437414 0.235868741096 7.29328911494 
0.0529783101778 0.216879835755 0.178739537813 7.82741741123 
0.134949745693 0.152477831833 0.190024975448 6.05075861173 
0.177430848276 0.0976568513975 0.198035055585 5.48191510543 
0.0729771665999 0.116539278082 0.076566721498 3.27343594366 
0.0142896980015 0.225942577154 0.0643833866981 6.68434918155 
0.0490038505271 0.121541905697 0.101039951108 3.83973728514 
0.19458364457 0.184381614461 0.177304823208 5.51443057411 
0.229967046822 0.09326192164 0.0994268794594 2.4013323822 
0.247565867916 0.074189971801 0.173512783482 4.26261523079 
0.0960297742201 0.0661843221985 0.123596106453 3.43488703502 
0.0783867820315 0.049599861931 0.075499351358 2.47494084932 
0.241953191818 0.137332481879 0.0720728167736 2.22279264908 
0.0041954908747 0.154294534068 0.0622191505936 4.23453237079 
0.234172433049 0.245594450847 0.21105046849 7.06653933957 
0.0933902111714 0.0375173019772 0.0899907273405 2.61593070799 
0.0566608671294 0.194312221395 0.0422626089369 5.19303990703 
0.0137680394653 0.0108049150754 0.0612700232867 2.33640130464 
0.0883863513167 0.0186859446992 0.0222910277598 1.85398520322 
0.0104005398626 0.100257664865 0.117887570435 3.95469513436 
0.242867795982 0.106698111768 0.100483134168 2.39275066295 
0.2359590766 0.208486881464 0.0611664199657 3.5766748648 
0.201655379452 0.248791550643 0.220665449968 8.05407345583 
0.103576295983 0.00981979839887 0.220094612394 6.624034875 
0.0382707591249 0.209284280361 0.126431120693 6.5518460146 
0.162840611955 0.0355215595624 0.148616747984 3.81051121924 
0.229510174865 0.0667061097055 0.143368064751 3.4142105493 
0.199291299361 0.0223077050844 0.127657410309 3.24428595692 
0.18045749609 0.0201824102152 0.139080632622 3.57005354468 
0.224259001399 0.16802752079 0.035531858606 2.68544221286 
0.0505661933389 0.117269133072 0.113097177071 3.98347249847 
0.204689883964 0.172023594979 0.114029446276 3.72429774622 
0.121218053128 0.22046574501 0.037599344469 5.62625278898 
0.00924525136101 0.194288949316 0.0143743302969 5.45689798447 
0.159320357345 0.151975775718 0.132647544891 4.22860118889 
0.0160402549316 0.0604971436326 0.00250503433183 2.21385976876 
0.240230885479 0.0523336980492 0.221949619141 6.28354955754 
0.099890819817 0.0966988491356 0.00317150276301 2.38201522992 
0.167911404536 0.129753569578 0.224426180288 6.79049878685 
0.181167864365 0.0535986436789 0.115626952918 2.88067890806 
0.189892113347 0.194005879767 0.0195066996198 3.8334979537 
0.0895569547681 0.0219397063699 0.0531916408921 2.08272052058 
0.0138530222222 0.153151833011 0.0850387129774 4.40856100965 
0.0435525736491 0.0498480949605 0.0300835108422 2.12368143931 
0.0259857142556 0.153263204377 0.22496183298 8.05308085851 
0.122895806884 0.0684934189455 0.132010129345 3.54307310608 
0.110769448383 0.176110785272 0.0392467055715 4.16068502438 
0.150077523095 0.172863073961 0.0688419553624 3.81852018808 
0.012244782631 0.0531681770605 0.035099460734 2.2573963804 
0.0769716051234 0.00573256424409 0.227167706286 6.99957657597 
0.00280675725927 0.239479305767 0.112228037729 7.60859876081 
0.0173028816775 0.0505875699261 0.153544667207 4.39963177874 
0.0224033445229 0.144275228906 0.0633592368365 3.93603513356 
0.106210310246 0.126958291585 0.180719737097 5.60855373362 
0.232652009409 0.113994085022 0.149524049099 3.59626435908 
0.16336096676 0.0558707344747 0.0672083681781 2.08722728102 
0.0385753049502 0.112921005834 0.232845235689 7.79711735709 
0.236918101304 0.0932332300663 0.23634696592 6.72484207794 
0.143748987889 0.0978146616872 0.0865815751899 2.73544373911 
0.205769043979 0.128040898412 0.141692911303 3.69553436593 
0.240273251722 0.164149843514 0.0540518485752 2.48179942569 
0.187662814645 0.181479076881 0.158344531489 5.04188170928 
0.0246040776121 0.0119741134194 0.0425269978238 2.12015432309 
0.0203736731913 0.227691931145 0.0112451497682 6.88642744393 
0.0784538456735 0.0739598186701 0.180628515394 5.234595628 
0.0143109585952 0.00130567752468 0.0456671510332 2.17762772647 
0.221191807938 0.23200413957 0.112890748527 4.89699248921 
0.193618338065 0.213141702389 0.111278821278 4.78843236623 
0.135340587415 0.0824083639498 0.0887297012701 2.67177245507 
0.0130456652554 0.221444242709 0.019191428164 6.5655277082 
0.0883438907057 0.181824076895 0.240104682704 8.81555531237 
0.00344083559702 0.133151614979 0.0242015825385 3.52136525231 
0.142963075442 0.233200999551 0.0694004886414 5.87183701078 
0.136816922329 0.078763821475 0.133829391329 3.58313143774 
0.136507167899 0.105868071447 0.237534886073 7.42845022757 
0.245019811984 0.117075570163 0.14488846331 3.39578241343 
0.00823079861276 0.107143238408 0.129797353652 4.32722279479 
0.1933252025 0.128746119652 0.127867063565 3.48326219596 
0.134759369732 0.196149029262 0.145536634956 5.70905538507 
0.230040104195 0.0619063869834 0.219140544243 6.11669583533 
0.2493919446 0.192253851959 0.12379242914 3.66132214985 
0.0876602452211 0.0886433716886 0.207653528819 6.31021098538 
0.0663128848792 0.186222466747 0.0925985304916 5.17551047508 
0.17361709926 0.0572830516765 0.0688680238393 2.07544394668 
0.080805947227 0.240005630722 0.156187466827 7.8455103587 
0.183522286487 0.185990711019 0.195270059416 6.23081553789 
0.0540968697206 0.187872759671 0.1193658282 5.68156702271 
0.161815995457 0.074699201481 0.00134916990619 1.79589239803 
0.188272174114 0.0435433110025 0.0676793290004 2.01301181451 
0.0517803046572 0.0792251660411 0.170558572662 5.0317005292 
0.0517016544768 0.192598592364 0.0370524401704 5.15833770324 
0.194577838786 0.127610106429 0.0380928285485 2.26282855562 
0.220792231666 0.102639639382 0.00200599996395 1.71011241167 
0.070028054601 0.0363892554155 0.135179309696 3.68424569839 
0.0779827802002 0.22274440089 0.123979604666 6.70153977116 
0.1086167794 0.0453261857867 0.023690334344 1.8651938044 
0.00637191535909 0.188210001355 0.020727350259 5.20866830967 
0.0967786434939 0.155699211456 0.0682439769242 3.86360566651 
0.0870880065786 0.0561699950345 0.247190072912 7.91558850477 
0.0310109323325 0.190203519386 0.0250202226647 5.18840582255 
0.0558992836993 0.104955206808 0.229152580687 7.48775038012 
0.0597413924228 0.0821664510985 0.0522482800655 2.55125735634 
0.192218688495 0.0513744153337 0.216291733325 6.13794814432 
0.0115782670013 0.165230608577 0.0154895422214 4.4134560349 
0.244500077828 0.173519998148 0.22778888194 6.45524756114 
0.0952395003775 0.222887185104 0.234903897668 9.42508818758 
0.1527460902 0.0948467859623 0.160658374919 4.34873726956 
0.225643653059 0.016716347987 0.0885978453245 2.46344380759 
0.237310989801 0.00101037931076 0.0136399264703 1.90415352674 
0.0827442301322 0.220012181112 0.00740777334914 6.16177552698 
0.226404976378 0.181192304334 0.197823748978 5.67942834995 
0.0515525296766 0.2058168324 0.234900329366 9.36480025743 
0.127741836857 0.0719927820986 0.10472113498 2.92278490764 
0.0418286289394 0.118369859864 0.1741675165 5.62038918905 
0.0499410508055 0.246765949107 0.0164860812808 7.63404804533 
0.0970531250247 0.00782155456967 0.0104983189483 1.81087980235 
0.180264171013 0.239075519261 0.15827065266 6.54091188306 
0.223115386474 0.206322204261 0.145400959895 4.74144966685 
0.0615539570935 0.183823110499 0.0614875585428 4.86476804895 
0.108403518333 0.0179289871838 0.0653188299754 2.18569007288 
0.11668897636 0.0292284347637 0.0891031298699 2.52579519048 
0.249207170112 0.0859915062494 0.00148203082826 1.45965745036 
0.211950031737 0.123442284057 0.0937988380775 2.62308743632 
0.202823862179 0.15747937303 0.231824015401 6.98477802505 
0.246383044811 0.013577683464 0.171833216677 4.7093953963 
0.224144283519 0.120845345936 0.110393032095 2.79092874394 
0.177486308356 0.216865083536 0.0163830700085 4.81972524993 
0.0229840366639 0.099695540554 0.229706687573 7.57829797169 
0.0205418952436 0.0263815761804 0.100299215706 2.96674143796 
0.116579806942 0.15459413946 0.210558076077 6.96748310966 
0.116389438293 0.212078246273 0.198103469071 7.68783965176 
0.106288413165 0.0283801967145 0.112264297762 3.014256025 
0.187061194954 0.149347296537 0.248576404185 7.81208766693 
0.199544144414 0.156575651905 0.0997810178768 3.28181554821 
0.189077587453 0.247165598065 0.122400802203 6.06988741462 
0.112633420455 0.169051837012 0.201510962544 6.91347565051 
0.0282303993533 0.124214192079 0.00687276441575 3.24183956784 
0.0703399962283 0.0807961118575 0.151782819762 4.39439736689 
0.144542454246 0.101657101632 0.179433383262 5.05057384011 
0.237484482534 0.0955522077684 0.170820896445 4.16714137746 
0.182237778774 0.00661608090319 0.246970654288 7.82356204206 
0.243476585897 0.171226251042 0.152470689713 4.02901886269 
0.0533756736924 0.0729841092307 0.0345897203659 2.33298250897 
0.200364473491 0.0606912055733 0.147212714024 3.6239946077 
0.00196886833454 0.161971579012 0.079614078928 4.60664626466 
0.241897897413 0.163674497261 0.226063409743 6.35103514087 
0.144071340684 0.102124025878 0.162369974124 4.50945806719 
0.148338167209 0.235085352554 0.114573234008 6.20252475093 
0.15231584985 0.115339826009 0.187758422294 5.39362444447 
0.227958128814 0.0552637049781 0.21202648644 5.85661031087 
0.1809837019 0.214902624327 0.131386669791 5.33090181873 
0.223990415772 0.208944369837 0.170618883126 5.36074869206 
0.178621909972 0.105678507244 0.206749667515 5.84393527265 
0.249835997645 0.0449583873494 0.00840972059775 1.50941565676 
0.143405724434 0.0386316147973 0.0462284909709 1.89075422152 
0.227736286339 0.234969037718 0.209930071449 6.92823200127 
0.198307861744 0.00674234417261 0.18080458624 5.00282677107 
0.161871279041 0.219852728002 0.173398323021 6.62521584368 
0.00765922366686 0.17442572049 0.00357054517205 4.77881274301 
0.174901555865 0.104465858732 0.23609424661 7.09917907647 
0.0329014362571 0.117874096048 0.150289597836 4.93782098633 
0.236381214395 0.0448313288407 0.0749010200058 2.03897178461 
0.145647405666 0.209496809103 0.247381104264 9.04079383657 
0.0128940017975 0.141493240042 0.0769275298658 4.03258663095 
