0.147987688137 0.159009751393 2.60582361445 
0.0362939026537 0.147627410482 3.06939582505 
0.0746875127276 0.107376900451 1.89250024048 
0.174369033526 0.152738425388 2.17822395848 
0.105572299451 0.0592255472343 1.0311699056 
0.192072348538 0.178809692942 2.66681629062 
0.127786629106 0.0262103550844 0.770519447086 
0.212082152139 0.109444239518 1.03639331808 
0.126466041877 0.0295560548173 0.781455431995 
0.0308644559659 0.184041373367 4.29137305986 
0.118593070806 0.241282229543 5.93967617818 
0.0797149936074 0.142568032369 2.70233767228 
0.191638460551 0.0485048053198 0.667324054051 
0.138157316579 0.0522044051657 0.852446121828 
0.0959906020419 0.0540457834019 1.01822011736 
0.0748441885426 0.205448885604 4.84980493106 
0.202591625632 0.004831610825 0.766989242419 
0.102801913651 0.17603379333 3.54284955676 
0.234685208993 0.0451300225268 0.5956012585 
0.220930562236 0.198923360573 2.86034188411 
0.0912219305482 0.135144327222 2.4342820363 
0.0236434525084 0.210807576007 5.37371793894 
0.0776869262972 0.0964969208323 1.6689926408 
0.223804153696 0.181610615463 2.33229195903 
0.0398003525178 0.177672090374 4.02268252326 
0.025074230692 0.157056624099 3.3974492662 
0.13503761648 0.00734456337002 0.760020429749 
0.0658656394609 0.049797144824 1.07925782027 
0.0557975756346 0.158835112585 3.3164443468 
0.242064935278 0.0439545297396 0.595901166844 
0.192325057415 0.143699984557 1.79106377823 
0.17272939328 0.132903071986 1.74667026499 
0.09858448228 0.0792132183364 1.29549596166 
0.0915822815468 0.220490378308 5.32399372765 
0.166055849415 0.129443500222 1.73319124755 
0.107189302098 0.0836323357124 1.31756914605 
0.134351066025 0.249215925527 6.09310692934 
0.0774987244547 0.0160127987898 0.86102210093 
0.110545007968 0.171825271863 3.33850811803 
0.136350207111 0.0741057747271 1.05407577828 
0.0417742844673 0.174621163627 3.90681017603 
0.21757664293 0.0323788574881 0.63456867802 
0.127337386113 0.0273432441303 0.773924242512 
0.00173816724064 0.0159259284952 1.02188058434 
0.11742590559 0.198688849178 4.19773824937 
0.0543884436808 0.169904530059 3.68129217269 
0.00697069655834 0.216839932486 5.68595578872 
0.178580527817 0.238949584653 4.96205549357 
0.227981400816 0.210495567394 3.10887328802 
0.121099360047 0.0236346440017 0.780511687588 
0.106539735269 0.209949673413 4.74242586534 
0.0986430490738 0.0278129309325 0.845141960562 
0.0247655651666 0.135644745697 2.77443043849 
0.14246265422 0.215734700316 4.55501418592 
0.0793315195857 0.064314801638 1.18427771125 
0.227175603894 0.0140153976921 0.738583598619 
0.197919201456 0.197941103366 3.16409609853 
0.0539098885715 0.0396685664318 1.03023309809 
0.0376935419644 0.0883991898457 1.68255769516 
0.0158959338342 0.152633760483 3.29046016023 
0.0668447981363 0.0604247128516 1.18389146123 
0.184118820558 0.07067817287 0.800927410788 
0.151141677506 0.113888834089 1.54948015326 
0.074818727301 0.0772704835296 1.36965714238 
0.187340175506 0.224486673002 4.24728576234 
0.209287914743 0.0151488397588 0.707322701731 
0.158708613485 0.106734278397 1.37274383405 
0.0850232788042 0.22162454515 5.4337291819 
0.142855083687 0.178748754633 3.24189032637 
0.0221024322128 0.20011301493 4.9412776501 
0.129632648302 0.164612165559 2.94224627568 
0.0916239744742 0.0342947094135 0.89222674354 
0.181350189098 0.143510554222 1.89392487282 
0.0510615545689 0.191506576329 4.4687784996 
0.125505382432 0.188413298553 3.74594701566 
0.240648801994 0.136407832629 1.19277623515 
0.00995324628837 0.0672879150749 1.4316267036 
0.240496000516 0.243212852058 4.01321780654 
0.0938834157781 0.209846303749 4.86244212918 
0.218780311912 0.137606144442 1.41565464472 
0.24899035578 0.133120879873 1.06988753323 
0.0819323038554 0.202401832863 4.67226404471 
0.110885148359 0.168157963224 3.21983546092 
0.207043703653 0.204738863332 3.249026619 
0.0416723764565 0.0671438969756 1.3462034544 
0.239903221816 0.242534054092 3.99952558566 
0.228030415553 0.154450446834 1.64559008074 
0.0983662501724 0.0444190704056 0.933652074586 
0.187303552003 0.158229986906 2.17700289957 
0.129586225346 0.0634975944907 0.975755885431 
0.098452750612 0.112482992159 1.86936684081 
0.199471887555 0.113247352355 1.18045771347 
0.0396520128856 0.0647802176342 1.32179256748 
0.103093118468 0.0112824067127 0.804484753949 
0.211233119582 0.231199166639 4.10335297391 
0.132167364541 0.0364725662537 0.78925003028 
0.029174342392 0.112915638625 2.19834759216 
0.247242634969 0.207439276054 2.70731566348 
0.248164175865 0.109384723251 0.793734080561 
0.134495689533 0.163421673016 2.86125366542 
0.228432828396 0.0448673598182 0.600665648469 
0.00449201750706 0.0943243966624 1.88036470479 
0.242863582531 0.132477113623 1.11339814817 
0.243005714017 0.00441291729467 0.871580848492 
0.222932637136 0.130506987239 1.25682740174 
0.0838022025436 0.102277803717 1.74676980303 
0.0848428779971 0.0647630180352 1.16888207363 
0.0914401761328 0.0928395725615 1.53913870886 
0.0390148228593 0.174399131734 3.91213737064 
0.112993004004 0.0836690862152 1.28948605299 
0.239861833484 0.14952560074 1.42406102778 
0.123110424003 0.0264716738424 0.781739376507 
0.0357400277799 0.222040367856 5.80342831759 
0.0605243674134 0.215272461662 5.36046246653 
0.143850231054 0.086412878704 1.16490413188 
0.039718434677 0.136367518418 2.73897413405 
0.0471104038699 0.177151472635 3.96812193058 
0.243627576989 0.196916323338 2.46442762017 
0.136055935725 0.212013680495 4.49071965908 
0.0374663919501 0.159443767165 3.42413626472 
0.243233827205 0.235980185029 3.69913752904 
0.0217051314357 0.139765728961 2.89735986094 
0.0809930917182 0.220201388653 5.40884308071 
0.211313250179 0.0643187032429 0.660699638319 
0.0751750643967 0.187582430262 4.16519513004 
0.0195551110103 0.138143847279 2.85909375078 
0.147053907898 0.0504503486224 0.810607962576 
0.128907375477 0.137771129665 2.22663197339 
0.0629833112068 0.100941027674 1.81839846756 
0.0636776324695 0.0225153715858 0.910778695343 
0.145135547084 0.0306998055526 0.740077477501 
0.0358663123188 0.120255025572 2.34490733658 
0.097512837206 0.200263528634 4.45322150572 
0.0602613861076 0.198995607097 4.69982464981 
0.169556377307 0.156558575395 2.32315603447 
0.248204155124 0.167535540812 1.6873185287 
0.100034178614 0.0379566881631 0.888057898275 
0.0249470065952 0.220775012103 5.79744766489 
0.214195869223 0.117046907733 1.12396285234 
0.0405298993524 0.103983603046 1.9679494756 
0.155617660865 0.0116005570214 0.728898635577 
0.187711357627 0.242107854518 4.9394277197 
0.0147351664688 0.0635344209837 1.3716547876 
0.24540766633 0.220950985235 3.15269630802 
0.0634052149895 0.0734284822129 1.35896045977 
0.0679804946443 0.185174456731 4.12860287816 
0.220728118108 0.102125604989 0.892470894724 
0.126770594085 0.065875175959 1.01057734593 
0.190330253213 0.0260787046006 0.665861058218 
0.199047008854 0.0926096059025 0.92231858243 
0.0503079041096 0.101768388329 1.8867232794 
0.167860933198 0.0835893427791 0.999504953743 
0.147753929916 0.242096612909 5.57800752767 
0.231509186647 0.00124642497375 0.864631202399 
0.0905205062755 0.202279744137 4.59408203007 
0.235531417824 0.135738548874 1.22863515783 
0.097825858463 0.150372974 2.79646878633 
0.0268889812418 0.145209432978 3.03457748602 
0.021192615139 0.00785790353119 0.963552893721 
0.209003310513 0.0907169496807 0.846900801487 
0.098084152927 0.101545771971 1.65847773848 
0.229112710559 0.214444407612 3.21710490611 
0.0804869614285 0.152261701787 2.97078859728 
0.0567053330715 0.232153584196 6.13106970636 
0.10348967934 0.0296372046984 0.839554232302 
0.16129444151 0.197955146469 3.65973756938 
0.146924663064 0.167210486849 2.84836169869 
0.0182616296647 0.0521694436493 1.23250686674 
0.00580222679874 0.0381199978514 1.13348608088 
0.122000207758 0.248226732334 6.21576434271 
0.180600275551 0.229057752036 4.53033404859 
0.0743750750678 0.0770566652471 1.36836425664 
0.0752486106924 0.214727122875 5.22597291514 
0.0823531805209 0.00986618075806 0.84302687381 
0.232571477075 0.077420869806 0.643381857072 
0.17685589392 0.061898551661 0.771327993597 
0.189643188921 0.00605329461663 0.746146415941 
0.0870456681633 0.212463925245 5.03135294231 
0.0635950377852 0.0612212024382 1.20377374081 
0.226147256508 0.130204784749 1.22393126488 
0.0939288700125 0.07069205709 1.203747461 
0.14216455422 0.0161102536609 0.737563067651 
0.0144369970695 0.00838650638871 0.978022531183 
0.199433872593 0.149037249781 1.83475475058 
0.223367448337 0.158065249805 1.7732813158 
0.107270089147 0.0396459578585 0.876147508884 
0.00817809509401 0.0442714409063 1.17911500059 
0.164251424629 0.0754037133971 0.932975515166 
0.180983733549 0.0215996986369 0.683231969016 
0.11017662661 0.180027397138 3.61044075061 
0.24273853791 0.0824286529487 0.628701205656 
0.240012785974 0.147341309124 1.38282066936 
0.0451794507688 0.151221318776 3.13715357906 
0.117536904008 0.12961940115 2.11980881314 
0.0431858914571 0.193423951314 4.58497560815 
0.138779502755 0.131463861128 2.00067699165 
0.0336567054066 0.133894974066 2.69639954445 
0.0824581021917 0.0492513060364 1.02210008801 
0.175040938677 0.246287826307 5.33098483961 
0.226075630836 0.128625135394 1.19981559183 
0.232886162802 0.0602815956161 0.592118604387 
0.202293635712 0.0825797456387 0.809866263374 
0.0332387810891 0.139517678782 2.85043929702 
0.209484122811 0.22096927351 3.76084900947 
0.0186848577128 0.238524707423 6.63574026678 
0.0579556242761 0.117126151622 2.18174739788 
0.104716291875 0.0409641629053 0.89152488494 
0.24035992714 0.241120979335 3.93870505883 
0.0579549584031 0.169003551127 3.63126797322 
0.145564767895 0.14487086165 2.25977734148 
0.203660236915 0.0905309687381 0.874781375293 
0.096299836857 0.216575046555 5.11406053055 
0.21868897398 0.172870053183 2.17407676961 
0.0545049382043 0.112519966572 2.09406315813 
0.132918439107 0.138819602842 2.21961820408 
0.130749947478 0.112275715292 1.66152206382 
0.133365376152 0.0162618066601 0.751287986428 
0.142522293642 0.176263356572 3.16733173391 
0.0636016523446 0.173049274789 3.73308060293 
0.0990065874678 0.072544340614 1.20544544073 
0.163073484406 0.183821125558 3.17251555559 
0.12692502468 0.137420237423 2.23387820753 
0.22826024738 0.204944667675 2.93164771499 
0.00809521551175 0.0363543208683 1.11556271751 
0.0119130881037 0.189420120569 4.55893940338 
0.179874034078 0.249683377878 5.3957834078 
0.24043036805 0.190480801232 2.33718609755 
0.133596827817 0.245816122009 5.94759579717 
0.195062886638 0.202368900442 3.34800931515 
0.170824435287 0.0977932411039 1.15829624895 
0.16432702978 0.0501998839444 0.75215712647 
0.0505925627809 0.159338074662 3.35932326126 
0.0798631541074 0.247316187259 6.65176687757 
0.162086396138 0.118616695771 1.55485349469 
0.13498769858 0.0450867980762 0.820419745154 
0.140936685197 0.224154837169 4.91149915478 
0.222067365287 0.0296686198424 0.643772945256 
0.189769981996 0.0816260049248 0.864530532704 
0.228522068015 0.124856921149 1.12275650177 
0.053121778102 0.0602315217394 1.2261645663 
0.0379194299476 0.147458099941 3.05778939393 
0.132452501509 0.206005193227 4.30441341841 
0.0350944031106 0.0320659681169 1.02611853099 
0.119526623564 0.237850991134 5.77333645054 
0.0927771820421 0.13859698463 2.51277710987 
0.167999233421 0.204326651851 3.79344874625 
0.111052306985 0.0220800345801 0.799729219985 
0.186834475023 0.015958944969 0.697141508718 
0.095413517488 0.244045098598 6.33802093432 
0.24782672397 0.0313828559193 0.655976136449 
0.00107969419484 0.199410013179 4.97423062108 
0.23286504743 0.0532427662726 0.588592735938 
0.0419927976685 0.0961056896513 1.80782465467 
0.18020411678 0.0635184521763 0.768444048528 
0.171536133391 0.125827721039 1.61570768412 
0.0914193888684 0.0570783249773 1.06289056015 
0.0131106093977 0.0414864836152 1.14464024972 
0.0496722244007 0.0291877862379 0.97452115989 
0.146040311011 0.101867518484 1.37791221969 
0.0633999743114 0.0845316346236 1.52543907659 
0.0721959424429 0.0106901021127 0.863821051099 
0.102065252874 0.115612856738 1.91289699249 
0.058750111215 0.00932806911731 0.889404670782 
0.121437920083 0.0726275211352 1.10688485115 
0.020724467817 0.0555789079999 1.26312624887 
0.0276987043842 0.0332151097177 1.05065637569 
0.170656930737 0.123440922259 1.57738210786 
0.050000873563 0.179051413195 4.01953540574 
0.140783837901 0.154620667834 2.55537201822 
0.21590394658 0.112283682746 1.04605059141 
0.200965259794 0.14552175926 1.74378752704 
0.13271531948 0.0909829664065 1.29049268982 
0.235510570327 0.0810716923288 0.650013185857 
0.0489216387202 0.0719370521635 1.38818302394 
0.165672280898 0.107280568524 1.33343774481 
0.121876445002 0.107015786771 1.62048290784 
0.136231401654 0.0740612668528 1.05414641183 
0.183230010175 0.0842220718756 0.923643667463 
0.0950784293382 0.121486770211 2.08331273733 
0.000505895538453 0.196235258658 4.84980609442 
0.0163174067395 0.182504191272 4.28869788525 
0.00728984338326 0.130382867004 2.68405718179 
0.00457000853012 0.0216181567272 1.03752508262 
0.232877236796 0.143727401732 1.38942347399 
0.00908365300048 0.223112121831 5.95613585936 
0.0263248990161 0.249716586148 7.14931783272 
0.0583636784695 0.168667676866 3.61781060358 
0.00935730412349 0.0258072337872 1.04752311729 
0.236653010404 0.236732155611 3.84894185135 
0.195484898955 0.103955761279 1.07943791978 
0.219436501776 0.171923957093 2.14121974616 
0.00609692755453 0.178380718288 4.16848534892 
0.241920274837 0.0131944720455 0.780174348304 
0.207556577734 0.164124687758 2.09315468568 
0.0526946157812 0.0218347678022 0.933708399921 
0.223248087502 0.134731821053 1.32401060969 
0.0558516518861 0.119275184965 2.24063257828 
0.129703641287 0.134644941465 2.14561592658 
0.0431502690772 0.111267676368 2.1125227974 
0.0906533914663 0.000602654871785 0.832710659533 
0.12351732633 0.0540613879263 0.918803577857 
0.109218222018 0.186258579923 3.83258566793 
0.213159232287 0.0167589629959 0.701360561695 
0.145892180802 0.020319883104 0.729593220873 
0.0142737167712 0.119156767041 2.38663859368 
0.00939220442258 0.0862279281616 1.72330884879 
0.00314095413296 0.0512970989301 1.25676598767 
0.0896205759149 0.159212323086 3.11434431179 
0.223135424235 0.0271357751429 0.654837320503 
0.241180695214 0.195007890753 2.44831881135 
0.118207487376 0.00539040822159 0.784924140771 
0.0843952092502 0.0963033280841 1.63365322683 
0.245885685312 0.147777870152 1.33113345682 
0.0845712942394 0.133055204705 2.42316376073 
0.0110393177911 0.075782257492 1.5504927069 
0.0522615993783 0.126442609748 2.42865751623 
0.154447888665 0.0587115081586 0.836461912579 
0.201836261816 0.0863756180733 0.845345697779 
0.0581439619823 0.0391462931777 1.01501041657 
0.189163355115 0.248530833522 5.18362970865 
0.00393248914086 0.212106903277 5.49042832768 
0.165782788693 0.135264366879 1.85758054777 
0.0631104710635 0.242089590701 6.54724010227 
0.0335615407854 0.240731225205 6.67505162283 
0.185696706686 0.237905609521 4.80115480229 
0.239543019659 0.101022337754 0.768752692131 
0.207130427159 0.239075492988 4.47700631645 
0.0757243105161 0.239657483898 6.32629717237 
0.14403855426 0.213275463752 4.43938688458 
0.0570924438753 0.194944925563 4.56340308923 
0.194574145514 0.153147596224 1.977854587 
0.000672310300559 0.0776133089562 1.60103138787 
0.138310665781 0.124962188878 1.86255710992 
0.220530779581 0.0706026944708 0.655835389294 
0.244654786283 0.145298297074 1.30058561229 
0.064657571835 0.162060067227 3.36745802474 
0.06787248669 0.171521964365 3.65493310182 
0.144537895088 0.130641102009 1.93631944363 
0.190669461107 0.234207125901 4.56956849031 
0.0551235444099 0.235358705563 6.29005442199 
0.156727930861 0.0768730820969 0.984735510726 
0.0132050421841 0.205808564157 5.20230634034 
0.0153359119674 0.0372801137895 1.10679600267 
0.197714453793 0.206232395418 3.43728652874 
0.0796339079503 0.140135217714 2.6371480467 
0.110064505706 0.143419859798 2.51610293388 
0.228286974936 0.107382782025 0.900994396929 
0.0395359306569 0.166572129397 3.64528954295 
0.111841761044 0.146481597606 2.58370201511 
0.108494241456 0.0459296353633 0.911463751572 
0.10358911404 0.243331047423 6.21384442702 
0.177338497194 0.179503710062 2.8687933654 
0.0735334310133 0.136693884726 2.58196056858 
0.0579670800749 0.0684766615302 1.31144160801 
0.00944720210903 0.0164046737336 1.00781415179 
0.0563128490897 0.234186690381 6.22736403045 
0.211576709091 0.216869182103 3.5836064298 
0.206010495251 0.13007947873 1.39848147513 
0.155183279867 0.0193222281744 0.715980690943 
0.0277774559889 0.221943621408 5.83692355281 
0.0110374347912 0.0155570835988 1.00187167629 
0.0889993320878 0.230337483858 5.77683673463 
0.0821324011819 0.143964421592 2.72537782486 
0.0488338375385 0.18870127826 4.37610217409 
0.231517460759 0.0169797364005 0.724672234634 
0.0792282103653 0.193920431844 4.36882233745 
0.102005835222 0.203877844063 4.54956029075 
0.000421289173398 0.0846962271481 1.716499682 
0.00106932278529 0.244308260644 6.966459249 
0.10292095608 0.13245936554 2.28989866255 
0.0199552815783 0.248691397906 7.12543820414 
0.150024440425 0.176543882153 3.09518430787 
0.156534086937 0.0817425794924 1.03907260411 
0.132728221931 0.239087858937 5.65710417788 
0.207607208438 0.155786390198 1.89769161929 
0.0450220229071 0.110243342772 2.08306099877 
0.112065938159 0.143970108846 2.51532077776 
0.0793545547555 0.179784917474 3.85738874315 
0.171231844367 0.0515718534146 0.736369620577 
0.231376574538 0.187395123116 2.38263203382 
0.0601500515868 0.203363799418 4.87315521726 
0.0603225088652 0.105423331158 1.91900276232 
0.071455307225 0.163626845197 3.37508549177 
0.00247915465853 0.229800935462 6.27561235371 
0.100711002344 0.125696393501 2.14398617098 
0.0533100227114 0.0339603771741 0.993057511042 
0.0612311669445 0.133752900683 2.57138169007 
0.24536762148 0.0486642600903 0.582789516924 
0.102764807054 0.0164957941238 0.808553637779 
0.221920215743 0.00962894860758 0.762379686917 
0.00042000018636 0.116271575027 2.35106398989 
0.0535716090685 0.00467012994254 0.896050775718 
0.239364058679 0.221971369697 3.29039268338 
0.213953731607 0.0538468830953 0.624382329798 
0.0515240673888 0.126531935256 2.43416280482 
0.105575181415 0.134793082493 2.32885291591 
0.0243656501279 0.0683421465129 1.41084778966 
0.000211918540667 0.206067740547 5.24596572635 
0.249930493337 0.166886449304 1.65298291992 
0.0609161183453 0.00790344257799 0.883636384205 
0.188791897696 0.10409055045 1.12657378033 
0.177095274344 0.139468545917 1.84585879708 
0.146187129609 0.219716876796 4.66311792043 
0.108550767664 0.108851942815 1.73691447433 
0.0672715828792 0.136102504246 2.60123400308 
0.175460925449 0.0885201100665 1.01318123876 
0.000260486684621 0.0159230453333 1.02483321567 
0.0308033210286 0.0635755675544 1.3315528455 
0.0430844648717 0.0795192817203 1.51884166302 
0.0798383888293 0.0486863417349 1.02572939249 
0.192542488365 0.0382753883549 0.652132300715 
0.248503028323 0.112923101871 0.826577903481 
0.0873670862326 0.14197152484 2.63758255251 
0.0161172425063 0.0375799819454 1.107305136 
0.0446844681657 0.0255296467617 0.968007715714 
0.105798814783 0.181852827096 3.71206013362 
0.0960880193843 0.0243711233087 0.839973426581 
0.0338802925033 0.167555492081 3.70253681741 
0.0644368623313 0.0366262654682 0.980735466922 
0.202154198322 0.0654421576142 0.696955103194 
0.170691080564 0.0973157807736 1.15260910269 
0.00261470226237 0.0725915418128 1.52163137424 
0.078048485228 0.167806297446 3.46516003075 
0.136765988732 0.11925309128 1.75616611779 
0.183610040208 0.0414093122534 0.67241643226 
0.11128740047 0.225320812971 5.3239810052 
0.156562528351 0.169527054819 2.81432844831 
0.231401338666 0.169549507476 1.93641183127 
0.00728617371705 0.147428871338 3.15744288268 
0.0411388539971 0.198667981859 4.79935247308 
0.118967529414 0.0732245772454 1.1251601121 
0.110930759884 0.0049258742731 0.795890198328 
0.207854944715 0.0877011963831 0.82549670246 
0.0558981651919 0.167195173244 3.58324341509 
0.126066676484 0.180427688783 3.47093218892 
0.249759703461 0.0699641247319 0.568612534661 
0.196621550375 0.131712195123 1.51128740095 
0.00800472181233 0.0912122347062 1.81485332331 
0.156510578621 0.190323236661 3.46135619819 
0.193444834582 0.126807528817 1.44952810401 
0.0868579730908 0.0815067822824 1.38087312906 
0.0907878727464 0.112778470075 1.91944489593 
0.147906503759 0.220642410985 4.67685866813 
0.1737630075 0.0463581282198 0.708796820718 
0.198430256203 0.086669450905 0.866194662536 
0.0760123839347 0.188407189584 4.18909949482 
0.084337732085 0.0170216702002 0.848255854608 
0.0860236065958 0.196984676656 4.42958550117 
0.0047069345849 0.166173985666 3.75125136169 
0.220831765359 0.244600818985 4.44220458389 
0.0319122210647 0.0902296636648 1.73305908523 
0.149229876786 0.085428773285 1.12271847377 
0.122797069962 0.0132993508184 0.769801738441 
0.132173019198 0.205303021714 4.2812590801 
0.134505776103 0.113674424936 1.66268399784 
0.087473855998 0.158120265474 3.09678362086 
0.110131907046 0.13630775298 2.33390057437 
0.140814133916 0.0929192266331 1.27242402574 
0.0648939925955 0.162959275602 3.39451743459 
0.052118215506 0.209690583085 5.18231491601 
0.201478596583 0.0458951782673 0.640447078547 
0.0723643126889 0.209076720218 5.0155876842 
0.013859113994 0.200455925219 4.98303481587 
0.0300586858178 0.229927424892 6.18598084376 
0.1429598001 0.0259799663129 0.737589792601 
0.208161975194 0.244527499625 4.67499418939 
0.0240147320806 0.152146692696 3.24989328877 
0.166894190097 0.185650412436 3.18404646113 
0.127115438664 0.216963809935 4.79421134396 
0.159145812185 0.0823527085989 1.03222446659 
0.0358121816213 0.132532463943 2.65231312837 
0.223463998151 0.0861281681084 0.733994318339 
0.238259843983 0.0206233096492 0.710890145645 
0.22637428206 0.175236771808 2.13588487324 
0.0581460814934 0.0827935684801 1.51772493448 
0.0501252392395 0.037372693102 1.02378509129 
0.22809285108 0.0960280492251 0.789455611342 
0.200327256809 0.145200496732 1.74343620418 
0.178078670665 0.218756709478 4.17412652172 
0.0284043732026 0.20794331121 5.23455114095 
0.0135757332758 0.205903983944 5.20509164821 
0.104599461192 0.0552894419068 0.998420135482 
0.0933470563119 0.200090466396 4.48452726833 
0.19820814095 0.0483497273828 0.651084453863 
0.0711692377563 0.0488899701267 1.05478885612 
0.243140087506 0.0307953029982 0.653049357874 
0.127261937444 0.0850656694945 1.23598036311 
0.0607454400487 0.0527978245311 1.12335688805 
0.227200622687 0.0582887020375 0.601665872282 
0.117662416302 0.106306794694 1.63344823731 
0.116394864095 0.0543186446653 0.94698450406 
0.008264477321 0.000441162026824 0.983553249434 
0.138261365194 0.173899678696 3.13838584439 
0.152766702014 0.104242575448 1.37236471072 
0.0135924004629 0.10902202187 2.15755505431 
0.106425401739 0.0175126987517 0.802302633781 
0.0798160249822 0.0453477946997 0.998660735353 
0.0532918817308 0.0185999993841 0.921093941532 
0.0741699603417 0.216058277474 5.29059026495 
0.0471677363334 0.153727483409 3.20319577157 
0.242895153102 0.0914205485197 0.678329555202 
0.0738490385333 0.0281209007863 0.909135891011 
0.115527617649 0.210859157638 4.68341123515 
0.000646727248009 0.165792525683 3.74740925227 
0.187474124428 0.021501668916 0.678816569168 
0.244619112459 0.131009746928 1.07713477928 
0.124729781114 0.0461142765663 0.859469503665 
0.158590420235 0.0996065353943 1.26233392659 
0.0093356987379 0.0443803388253 1.17760436873 
0.0661950694296 0.247928744036 6.80350366594 
0.0276922475829 0.190819529262 4.55738405286 
0.130060745002 0.249468790053 6.16488374701 
0.0125481097745 0.109052102122 2.16086565141 
0.217753449338 0.0177454695427 0.699947054798 
0.0403930717847 0.239486476855 6.57833968923 
0.202078725092 0.0256420293389 0.659763461477 
0.120424089096 0.136836845512 2.27023617415 
0.104381671624 0.140195300304 2.47397516301 
0.2021918104 0.213414922279 3.61327511487 
0.179607185564 0.111904036127 1.30738167187 
0.169961319132 0.00189979115344 0.761794346262 
0.144025142264 0.0350924563351 0.753282953416 
0.121075883591 0.192851245257 3.94774205788 
0.0166824147192 0.118755857616 2.37060656924 
0.0396188744317 0.0730246754541 1.43291389814 
0.135766679941 0.00602235948839 0.762300617066 
0.24644963054 0.21493810847 2.94562337964 
0.10898731335 0.182630924667 3.70955172869 
0.0198670239988 0.19080808486 4.58638641571 
0.203699883719 0.198954493686 3.1134858368 
0.214898648906 0.104923038602 0.961441797808 
0.0969689742749 0.154772493373 2.92869451793 
0.130096505914 0.187014378975 3.64976834229 
0.0134046361332 0.0623553820032 1.35995215087 
0.139114490945 0.0674023791529 0.971999665692 
0.120241761488 0.199367405809 4.19312039074 
0.142348839924 0.0788751570807 1.07910175477 
0.218199602016 0.210477005306 3.26374327046 
0.236761223491 0.173280745281 1.95670040551 
0.166698162325 0.118699656438 1.52087983794 
0.0303558874743 0.0200181889951 0.976678134765 
0.0254363964068 0.119236282426 2.35611576468 
0.095117908164 0.102362418031 1.68958055206 
0.114414441311 0.00225406675549 0.796004966567 
0.147916005041 0.0322366063572 0.736774835979 
0.0699328741375 0.196293663957 4.52853788425 
0.00862794299312 0.0729388647022 1.51374097373 
0.163517227543 0.125915454204 1.68332247766 
0.0611866491176 0.134918643114 2.60205429619 
0.0863871145417 0.0458152551351 0.981780095601 
0.186622050815 0.21453719734 3.89113080225 
0.0377262265912 0.16859934293 3.72075481211 
0.18489562194 0.0719459189492 0.806973342134 
0.194185426078 0.177958692749 2.61636337861 
0.0962065903213 0.120611674468 2.05685765371 
0.171862119684 0.127406691286 1.64366805697 
0.108457382562 0.226385295574 5.40112104998 
0.0220300688843 0.202676460824 5.0445507698 
0.106799726981 0.197526774919 4.26189425038 
0.133642043114 0.076387168007 1.09311675834 
0.0501423389815 0.137105649522 2.71371394678 
0.0849343427978 0.227174071791 5.67559540016 
0.187287729278 0.0252859365578 0.670087127207 
0.00373301768196 0.172095776217 3.95376389322 
0.242091912806 0.160913077624 1.62104744665 
0.0596212118065 0.1732994125 3.76563938439 
0.178872479802 0.00303734849346 0.758107070811 
0.0183264063642 0.00234479803719 0.964086628783 
0.173567326314 0.0776506811626 0.908854138745 
0.249134335589 0.239661188584 3.71773625114 
0.038813102331 0.0746397461795 1.45872805215 
0.0296821434429 0.123197478436 2.43764810738 
0.192503127774 0.0358954155653 0.652186232035 
0.201371068764 0.0786819396678 0.783210308242 
0.117273264563 0.0860863625014 1.30241775372 
0.0856866481451 0.22488718217 5.56855075942 
0.245696738359 0.208934930299 2.77621975237 
0.203701194403 0.18758733971 2.76841301849 
0.203366332828 0.166802253659 2.20825465605 
0.142873368945 0.221842778507 4.79206970379 
0.0827268551047 0.168990910088 3.47056074051 
0.105001539234 0.0402461112702 0.886407690075 
0.179832285165 0.08434512828 0.943132049377 
0.0614611177516 0.181915830126 4.05418280411 
0.233418783902 0.0736807146703 0.624496884389 
0.134345699505 0.109333593039 1.58264931491 
0.0263087129528 0.0849114294572 1.65736345303 
0.0648455164837 0.178340189223 3.90682237514 
0.115026302555 0.210713510952 4.68311067251 
0.139748324725 0.170904815401 3.03147870226 
0.142456392071 0.169812945959 2.97097783335 
0.0968283257307 0.226404724828 5.52587776441 
0.0813881124224 0.135727078577 2.51060764832 
0.203277607196 0.174907408459 2.41927843498 
0.10674609295 0.0741408703108 1.19161037543 
0.0279283962808 0.11672327533 2.28920762074 
0.109077884232 0.11394612727 1.83512455395 
0.0453048656537 0.189481769582 4.42441475265 
0.0888392288638 0.190725619999 4.17301227045 
0.059721131752 0.0204079750738 0.912487495778 
0.218256514535 0.0074494563498 0.772617951717 
0.156880690218 0.116968274885 1.56382661589 
0.200202437022 0.0582961869554 0.672855387807 
0.14944216278 0.211904389634 4.31718132719 
0.0941904449878 0.0850004088267 1.40004685022 
0.0657014047398 0.191019373821 4.35870365533 
0.177451820095 0.160526286639 2.34164381134 
0.0333484747855 0.0800815025188 1.55803149657 
0.225385118097 0.179874273358 2.26608499513 
0.0926096226069 0.0073746873486 0.823501742494 
0.131383159268 0.2341493612 5.45852815137 
0.119865700636 0.240700966705 5.89730724514 
0.143775075581 0.111025033505 1.54950133653 
0.145754134654 0.105558029285 1.44061703656 
0.238323092681 0.23363314275 3.70722214261 
0.219679640998 0.242904112041 4.397566195 
0.139188749484 0.0206530279317 0.741159726144 
0.102207048424 0.0401013455194 0.893974470563 
0.0921748481051 0.143453170716 2.6454848301 
0.174755333718 0.151277267837 2.13879138836 
0.0814527329956 0.0912168606508 1.55914584792 
0.150434055651 0.165964830736 2.77623805106 
0.205092039604 0.00525790740801 0.767338270375 
0.230956223505 0.0700239759982 0.61926124246 
0.215208571217 0.187343628196 2.60481262399 
0.0125699351813 0.0638516839721 1.38070662904 
0.223097305557 0.0626953393744 0.620278012817 
0.0931018822881 0.0587793692697 1.07357952494 
0.0211406910408 0.138723857676 2.87021645217 
0.239951968709 0.163552495043 1.70075468207 
0.185831351811 0.110797121356 1.24448776494 
0.104244268863 0.163648219481 3.13659247839 
0.166999231193 0.131557567185 1.76861278709 
0.0645642007929 0.169948710784 3.62334676877 
0.112693994042 0.213737138665 4.82890762194 
0.194079994105 0.163043750943 2.22143891749 
0.18501936659 0.0588326000204 0.724711568166 
0.133573736669 0.0372616598128 0.788407009404 
0.0518893967971 0.238123137416 6.441671772 
0.0694009981754 0.16561479331 3.45162366204 
0.220258001811 0.197033466028 2.81381301965 
0.0160812058702 0.226531748436 6.08804972923 
0.114180433393 0.06698343041 1.07569619103 
0.0177288007756 0.193942943781 4.71406147623 
0.218431898122 0.0836094955955 0.739708169388 
0.173987169925 0.157524667415 2.30163315879 
0.0780261903317 0.027569176767 0.896179430146 
0.169714910355 0.170494547596 2.69701852277 
0.149824480911 0.212180866294 4.32267818207 
0.230626381359 0.169633356274 1.94787557338 
0.0600960978933 0.19288130712 4.4657237826 
0.139289824531 0.067682844484 0.973929329849 
0.143400014068 0.0408513913383 0.774923129569 
0.0987278201724 0.139229502147 2.48885865287 
0.107516747644 0.224316366946 5.32305986245 
0.201293213451 0.095491193778 0.940127203927 
0.087223205 0.179140440171 3.7755031404 
0.0383543553766 0.16461591941 3.58638697273 
0.227108931576 0.106063762559 0.894225349024 
0.210702256759 0.245292163687 4.65894024596 
0.0688825979854 0.0492351564538 1.06491868858 
0.176477086446 0.0806041244384 0.922818777188 
0.245705273037 0.0546992766698 0.572177471785 
0.116148988857 0.132572304417 2.19923813761 
0.0929424338914 0.0395691292093 0.918425072428 
0.223722989197 0.234244165669 3.99528227486 
0.130574614569 0.0495982985601 0.861841432559 
0.0798522809264 0.00749215014732 0.846796317708 
0.159884060294 0.179213931447 3.06665834723 
0.125916690016 0.239331504943 5.75819588576 
0.214637968665 0.148759073579 1.6713092434 
0.175565462891 0.116578817008 1.41509434609 
0.147405172967 0.0246580074007 0.727776266407 
0.213178259099 0.1821805504 2.48875034252 
0.0670855732206 0.1220122017 2.25122993925 
0.14486963155 0.248881310355 5.92482003806 
0.10020468179 0.00619264231919 0.811112583619 
0.0750942522538 0.0940591192269 1.637259796 
0.214678642663 0.1464833173 1.6246733011 
0.121591123609 0.0944880584787 1.40686945024 
0.194150653484 0.0983397613353 1.01717822961 
0.206467789027 0.14778492425 1.73547130595 
0.0060352915361 0.103604927436 2.06060931667 
0.104382471251 0.0115446121538 0.802172866461 
0.187168891197 0.0105182463553 0.720787773526 
0.152202682964 0.0943149992631 1.22498318547 
0.053639755624 0.206046010083 5.02335330102 
0.0195449765729 0.116165891952 2.30188287505 
0.115562234852 0.104280362119 1.6089790343 
0.00608198796992 0.111321742163 2.22630260819 
0.0161358694407 0.212481229319 5.47175809818 
0.0905637695333 0.0725883098628 1.24163656949 
0.0197513119104 0.0364637466324 1.09101818531 
0.0182656936649 0.230734879484 6.27227556818 
0.0271614707568 0.205910859298 5.15601546679 
0.0964286154566 0.119712456725 2.03556591942 
0.111273541832 0.0915225067648 1.41615984657 
0.179201582054 0.107540942993 1.24264437844 
0.112816961013 0.150030554738 2.67230205123 
0.0403059197021 0.0127236461878 0.933331683279 
0.0777846673931 0.0530567204851 1.07144002406 
0.195440634897 0.00176797692179 0.780023448539 
0.142797099403 0.160142761975 2.68785198614 
0.196589315281 0.202683019629 3.33623852799 
0.104574654878 0.0441658425398 0.912209732996 
0.0407568889822 0.193009257641 4.58155817084 
0.0542088638434 0.174072041519 3.82318632237 
0.113974967733 0.094676183663 1.45229882673 
0.116436353915 0.00921694107259 0.782568696332 
0.134492554402 0.113640752198 1.66213125973 
0.204821413037 0.0644569789606 0.682957242583 
0.1219007661 0.0746548267641 1.1286028257 
0.0267593796305 0.184173266418 4.31285180244 
0.0697076374151 0.194367990373 4.45680375916 
0.188074783317 0.000583875661021 0.780244780568 
0.135677458049 0.214888366993 4.60749227532 
0.130376939335 0.195113492861 3.92875193532 
0.0214875966803 0.157801829253 3.43307762179 
0.017137716463 0.0298608580634 1.05343994416 
0.067378281679 0.212023620687 5.17473549133 
0.0311254886298 0.111460140946 2.15955154865 
0.181905666967 0.0477686277123 0.690825512776 
0.0868231298148 0.248341894789 6.63253124784 
0.17427462449 0.0806905989987 0.935022111519 
0.0175228965579 0.168896323406 3.80749550537 
0.197816314576 0.226353231933 4.14870405781 
0.0246652423054 0.156049625121 3.36747613903 
0.108333828551 0.187149106416 3.87203668921 
0.212225691578 0.192546236441 2.79640488733 
0.198635602546 0.215229416351 3.73181068026 
0.0405638256778 0.155804629606 3.29702384135 
0.0336134915709 0.209757847738 5.28646632605 
0.0745941607766 0.136976471205 2.58329213513 
0.0443145257862 0.0670400439488 1.33682677508 
0.0029340059807 0.20920836332 5.37059434267 
0.143411492043 0.055912102926 0.858672519635 
0.179271445718 0.126455528497 1.56317023854 
0.0845017126853 0.0676923372402 1.20478913568 
0.00670824511003 0.138975218978 2.91678906951 
0.125822770598 0.0053173836006 0.775240218566 
0.175272916707 0.248427260727 5.41979397772 
0.147481596544 0.247969593564 5.84428091982 
0.0452130630635 0.00512747582525 0.912568740932 
0.172344510275 0.0920726465519 1.07401550337 
0.0343010702102 0.247858613459 7.01777780428 
0.212755951618 0.00896081432232 0.751553270894 
0.218610149441 0.0678818267623 0.650936651785 
0.203186739672 0.11778114476 1.22007966501 
0.104236149238 0.000349451970972 0.81345091901 
0.0444894053166 0.206164861232 5.08217454469 
0.121337387151 0.200077171422 4.20767371422 
0.21149600243 0.248281784002 4.76504867239 
0.116891333663 0.135869933563 2.27332010671 
0.0387621809023 0.00900697589763 0.929609850705 
0.0182123532979 0.0829436512138 1.64638059987 
0.00477503789429 0.118849404228 2.40244888897 
0.0726680652125 0.0557258136276 1.11441599381 
0.0353554298338 0.0245418858397 0.984790311447 
0.229128169825 0.0579315685579 0.597193878381 
0.0275432329484 0.1818210167 4.22403096309 
0.217823390727 0.0675321353882 0.652141395754 
0.0820036591445 0.0901817102576 1.53922620519 
0.0181743554072 0.187686690607 4.47422303694 
0.0337058822935 0.137448783711 2.79183946397 
0.218235785733 0.0436135738734 0.612765931797 
0.184526073082 0.109697118027 1.23724831397 
0.238498793865 0.032183737242 0.64088289829 
0.17589637024 0.0892537479118 1.01920155792 
0.195028015905 0.0151119975997 0.700530549037 
0.136923067025 0.157372501314 2.66657907246 
0.0832923107876 0.141967633716 2.66366374396 
0.0574528021185 0.141467904566 2.79740942243 
0.0834928552801 0.169534506808 3.48267287148 
0.0679918834659 0.01544439707 0.880349617356 
0.17884491025 0.0554282735222 0.729252035451 
0.198784094838 0.22230202799 3.983052433 
0.0675012764251 0.110879329475 2.00000992809 
0.0159688546856 0.182406940015 4.28625006269 
0.179974127809 0.13135862627 1.65190773773 
0.0681136433977 0.0526804356272 1.09920563467 
0.119859764485 0.181549802115 3.56967706085 
0.244454322833 0.0703743241552 0.582120082599 
0.127335309823 0.0128826134269 0.762653662449 
0.0711884447382 0.0896613101114 1.57829719076 
0.212126146532 0.0722026025958 0.694756958589 
0.110804269292 0.035287498283 0.843614653407 
0.204127105994 0.13397293956 1.48543615034 
0.139481605214 0.039910611024 0.782334626461 
0.168701911917 0.0776966079709 0.933477568026 
0.0296508320502 0.0433255124684 1.121746691 
0.014274500008 0.0502644925832 1.22226244249 
0.0407096546513 0.213077678397 5.39009662242 
0.144401238113 0.0654492841166 0.930943535542 
0.0728763012218 0.0409709349371 0.986721767752 
0.075497131543 0.220743386786 5.47907924994 
0.167075269994 0.17374246648 2.82035351581 
0.14813456871 0.0780946877363 1.04096636586 
0.0709014450553 0.105749751078 1.8777310829 
0.120904368052 0.182180597671 3.58053602745 
0.0602672934776 0.186532933266 4.22836733369 
0.146402945944 0.197919423251 3.84334465507 
0.0808308238403 0.0628936235727 1.1625169512 
0.155106960069 0.206484489954 4.04178050434 
0.138221865055 0.123857257218 1.83995914361 
0.228074403443 0.238332347625 4.06717521748 
0.241906536459 0.0848223267517 0.643893396713 
0.05360550702 0.014471291774 0.90911329688 
0.166266220655 0.107751532482 1.33682638297 
0.202502067406 0.065935997656 0.698148009627 
0.140677106934 0.102433763763 1.4214342032 
0.244501643798 0.178412209782 1.9781128827 
0.231547016785 0.0852697509548 0.690728511424 
0.0593566765786 0.0784423532815 1.44609758917 
0.0786962629391 0.150370043961 2.92749964098 
0.0453151138916 0.15284682328 3.18528708637 
0.21098608283 0.0236323603414 0.666151956438 
0.224718164708 0.190070942349 2.54911547 
0.086819664111 0.0334171260925 0.900873033038 
0.00167931046616 0.0274822955186 1.07215635617 
0.149333672531 0.244450342858 5.65868643611 
0.0238010331779 0.154215085427 3.31375353568 
0.206599862678 0.161235371995 2.03493833599 
0.0883338504459 0.0953432632072 1.59746722768 
0.224985001752 0.231123470159 3.8588616614 
0.00766584452317 0.0101060193254 0.994821807728 
0.207057016108 0.223774141348 3.90129505537 
0.0847958448926 0.117380559556 2.05178719745 
0.151586605908 0.245480406645 5.67051517379 
0.170200442123 0.0834136522324 0.984998136591 
0.149562623968 0.122377326593 1.72341069961 
0.0255956311727 0.0423916634189 1.12365764329 
0.189379590829 0.209447796499 3.67021703701 
0.210456441049 0.0955270208996 0.885882653697 
0.133439607457 0.222610263247 4.94540026102 
0.0111053917868 0.125553969758 2.55119709201 
0.228883482877 0.210626378954 3.09857025715 
0.0558186650944 0.125682995448 2.39375201158 
0.0333328023471 0.00697246422235 0.937881058545 
0.160075258802 0.0530936757873 0.780931393555 
0.103412431536 0.102440963238 1.64561739057 
0.175277405409 0.0301932344421 0.68019533519 
0.190755828669 0.24994539375 5.21556130434 
0.0426630349702 0.192147709695 4.53895265055 
0.0685742488014 0.0187772027812 0.88736385964 
0.245801200924 0.208289621634 2.75541066379 
0.226582963886 0.227352421188 3.69621680217 
0.00204633865009 0.177369453427 4.14175526586 
0.240269548144 0.0899546210938 0.681036487523 
0.0112569234953 0.172232702794 3.93965986027 
0.147298763637 0.208428779466 4.213977917 
0.0762656371099 0.16822766182 3.49102543001 
0.0577206938482 0.123671488184 2.33605727033 
0.153711943147 0.212561749696 4.28582378075 
0.0682705769716 0.0307558598156 0.936214558316 
0.0716262774414 0.0211105474979 0.887414524256 
0.11130521469 0.117164805243 1.88757848401 
0.243900173329 0.0506198119506 0.579550172657 
0.224362951574 0.129267811738 1.22459276154 
0.139421166685 0.178063299215 3.2567861804 
0.204904674691 0.0621732460625 0.672929366629 
0.160088519336 0.137625015952 1.95977697165 
0.201190562972 0.230518042155 4.24963186188 
0.246519391721 0.0969603380012 0.698693979363 
0.0652115351844 0.0278868535308 0.929687531134 
0.101036057898 0.198584016905 4.35667780644 
0.0622999896176 0.114624753161 2.10569280142 
0.14973090673 0.00381939169811 0.757553355134 
0.130760567497 0.0488978336677 0.856698059733 
0.21815479424 0.24847811528 4.64682457312 
0.0175939253307 0.157881585549 3.44801645374 
0.213335427877 0.0930487488349 0.844815352498 
0.0210947390909 0.0272837014834 1.03028716389 
0.191666690034 0.00148304325099 0.777680682511 
0.143928751467 0.247052491109 5.85570199343 
0.111223329777 0.101068994515 1.5766639725 
0.118951514009 0.0427091122998 0.857811793278 
0.0968323774146 0.15149173839 2.83538558797 
0.0688329838304 0.127682213972 2.378600487 
0.226713116905 0.168298364542 1.96452254871 
0.147672365099 0.21689212138 4.53227788429 
0.12489507162 0.107495415637 1.61030781976 
0.2352611267 0.154366660174 1.56529905619 
0.0222635866356 0.0687793716338 1.42223492191 
0.0736413163739 0.180987713936 3.94043576206 
0.164537601271 0.167463615179 2.66896050976 
0.124900660385 0.141854508695 2.35981453277 
0.118146095369 0.194162729351 4.02502274209 
0.159144147497 0.0833430036201 1.04362586043 
0.00117775145536 0.140967564183 2.98479219238 
0.0137395555195 0.0836086476293 1.66859717286 
0.238026236242 0.0929038317707 0.711991001435 
0.241588891384 0.18727173329 2.23687703705 
0.169199409606 0.209403350297 3.95818643266 
0.197850217418 0.05713066938 0.675793752457 
0.147931462993 0.215338140607 4.46848216431 
0.239489908557 0.201473952373 2.65539084316 
0.0650691391809 0.068687367441 1.28951946382 
0.0757139019263 0.155377133217 3.09365357456 
0.11769196826 0.127143684502 2.0619816494 
0.171043953021 0.216826054974 4.2054194097 
0.064617436982 0.247533176665 6.7972406449 
0.0203682526576 0.194776307663 4.73731537198 
0.0165125657274 0.0855594053629 1.6946303445 
0.0294520404451 0.0940046049381 1.80941681357 
0.0588735115603 0.231502410317 6.08577538905 
0.122323310653 0.0162911823133 0.770492779886 
0.20544698786 0.183881498398 2.63843933339 
0.00373113368014 0.199170847853 4.95889979109 
0.167052565901 0.10452416987 1.28082724565 
0.21493623389 0.0925677041763 0.831343915453 
0.0807271226535 0.0086813669332 0.845531128444 
0.0209684897693 0.122130178559 2.43936050128 
0.113606874703 0.236654636793 5.79201466084 
0.148107675264 0.0652444378099 0.913283620829 
0.18027615167 0.143975986045 1.91464808537 
0.000867585881475 0.142437956266 3.02710127677 
0.147912787534 0.0798099760074 1.06166176918 
0.176912064831 0.0184758916541 0.693914084157 
0.0808087653641 0.0190591443788 0.860610329989 
0.0403408684593 0.124428130285 2.4289479366 
0.106362056417 0.240917716218 6.07042653216 
0.207410303618 0.0740807462628 0.724681423391 
0.0482159589439 0.0574029280466 1.20925311439 
0.128103701429 0.122410670672 1.88380553733 
0.0833852081623 0.0932245028709 1.58445829376 
0.0412147710923 0.154482625529 3.25356320824 
0.173884176589 0.226650248903 4.54033458596 
0.110425363104 0.2063785896 4.56211780755 
0.0549681122444 0.142097882937 2.82730948255 
0.10254235448 0.0513712626507 0.972354180805 
0.065197079836 0.11961115174 2.20466082301 
0.00958196281454 0.233941502933 6.44949558924 
0.0993050691398 0.0978643707673 1.58570194189 
0.0449500773117 0.0803782918397 1.52611456092 
0.0574979495698 0.0265375305652 0.942280450306 
0.0785716998092 0.234388116619 6.05722068801 
0.0224158772836 0.113899554077 2.24156054946 
0.134074844694 0.152458191468 2.55837063596 
0.133410746189 0.0443114925747 0.821271198382 
0.223851180177 0.000221660935032 0.851285151184 
0.240509116659 0.140423414431 1.25875187987 
0.213136345616 0.0402356663238 0.621849510845 
0.119629002376 0.211294136448 4.65528482884 
0.067976609651 0.248087606474 6.79627523809 
0.0504826323818 0.217495553307 5.52180696852 
0.236724573264 0.00893597573209 0.8044543785 
0.059720705517 0.186774672795 4.24064631327 
0.198204407568 0.0221570474231 0.672212804073 
0.218755222527 0.184104233257 2.46676016741 
0.0782317544199 0.0574772105926 1.11341087626 
0.167428724627 0.0852180769715 1.0201953472 
0.0249096348044 0.0765691783292 1.52762154762 
0.0902517847495 0.243698115308 6.37615070715 
0.242250569184 0.152430642803 1.4530024121 
0.0140428231497 0.103301508912 2.03516138803 
0.12202448097 0.0754774118861 1.13792477551 
0.211862149096 0.152552952734 1.78038779777 
0.0700798598803 0.244573975214 6.60857668392 
0.0983092285179 0.0136292591014 0.814618016765 
0.0655913512834 0.207390532804 4.99760558473 
0.0405151332893 0.160153328414 3.43321194421 
0.196180042945 0.127947643826 1.44645419411 
0.24820864051 0.20227075997 2.5438046966 
0.182950894178 0.128668387892 1.57382294236 
0.00836397194898 0.0339244511258 1.09795469597 
0.232562084015 0.0627810800166 0.596522921871 
0.139642833493 0.0104580104621 0.74839043016 
0.158921254915 0.0100017725015 0.730682495116 
0.0162358822471 0.0344426709747 1.08461270218 
0.155724055233 0.0814457681853 1.03993767376 
0.175473993301 0.00191636736693 0.763218283112 
0.131854622631 0.0668402703693 0.998252427816 
0.0328718105618 0.107258557993 2.06271374703 
0.0225615506155 0.0315869452682 1.05196964407 
0.118861772815 0.197977346799 4.15645835675 
0.00169889402904 0.190615835948 4.6299347578 
0.0285748972417 0.0943180018959 1.81791935307 
0.0531109593754 0.152239089371 3.12918215191 
0.102425086813 0.0295569476764 0.841992148249 
0.22429391908 0.152761037114 1.65138727934 
0.0965300512532 0.154382813988 2.92063650032 
0.22809200129 0.226303902364 3.63312204123 
0.0408436937999 0.179688620006 4.08910755291 
0.0110294273627 0.128964519098 2.63811132992 
0.0604786159759 0.114377416086 2.1085868036 
0.0367151119727 0.125406654198 2.46697275736 
0.217558147222 0.194382311983 2.77460798875 
0.145462713365 0.16356642852 2.75821012355 
0.160260315199 0.0411558803567 0.729102600151 
0.145837225836 0.072959643031 0.99679150836 
0.0479133159814 0.121557066776 2.32879675196 
0.0556450215756 0.161348327337 3.39617457517 
0.135186065642 0.229760957932 5.22052266195 
0.00245281376537 0.219463524725 5.81126018939 
0.242160793605 0.0138040401887 0.775363181254 
0.0849635106573 0.199276799003 4.52591934624 
0.147466304748 0.1989080912 3.86544333664 
0.0854413135849 0.134916347471 2.4650052393 
0.245922920865 0.0463242042133 0.588665469767 
0.0895336474246 0.162903259854 3.2279468172 
