0.00796536742753 0.247709324189 0.022023971927 0.0272641497085 0.107778301267 10.9576661752 
0.0615465870501 0.0939828829276 0.121591385749 0.182227622495 0.111558748947 8.64449967306 
0.104217038232 0.194044394386 0.208498887763 0.0303268264195 0.129104960523 10.9535888834 
0.0612987605268 0.00589043399025 0.185195091518 0.0710764551129 0.0485816973965 7.14986777605 
0.0298295754469 0.0680483438009 0.19103671595 0.00736306562819 0.08129913213 8.12020681014 
0.193205714678 0.0415669913351 0.230008243803 0.0287883854084 0.132292831498 10.10507731 
0.0544171604438 0.100532591522 0.166691939648 0.0655464605779 0.00963701874081 6.82011790503 
0.0780682373013 0.232119741768 0.0638061048955 0.133287315972 0.0156392569071 9.85596804372 
0.242667356491 0.0849115890604 0.0757725471258 0.216320146419 0.0173172519474 7.9383260032 
0.198428506085 0.0569275190429 0.247203857097 0.230542924949 0.167134708309 12.8432926074 
0.00330085664692 0.208501411207 0.20155205282 0.233940139911 0.172229324134 14.8077784806 
0.232655582146 0.248802972801 0.09807231589 0.178211825715 0.102591829227 9.90666096556 
0.0611021855569 0.159579815066 0.000725329890269 0.170875605991 0.118090063755 9.47384989223 
0.143395219565 0.0568397917352 0.00574492903894 0.154003894401 0.0989371270336 6.39632128741 
0.23972577919 0.244708424505 0.110024686524 0.0538770422102 0.185124408507 10.0879551143 
0.203517622075 0.0371089953154 0.222410133795 0.136692316302 0.188989164453 11.4601049717 
0.0299111116513 0.216290434335 0.242028883898 0.232614755406 0.213039521383 16.7251099657 
0.235592446954 0.242281435776 0.189278787212 0.217336404778 0.129084282183 11.5864649699 
0.185644928343 0.14665032797 0.000916400208657 0.171738692919 0.0409628602887 7.3390775715 
0.197829833145 0.19996273935 0.210612267251 0.0300859228994 0.135778002744 10.1847055188 
0.148818449576 0.0765792494422 0.0524193901292 0.00918544721617 0.203113718996 8.09609891389 
0.227650315393 0.183749760418 0.171173861993 0.171309649061 0.00864202872101 8.32456938709 
0.164503679089 0.194826061312 0.0992616781511 0.206548739641 0.0532754474466 9.85776351391 
0.164839316906 0.0353881922289 0.0142595167832 0.199666446481 0.0750917224601 7.36649031379 
0.240350869394 0.194964843411 0.0874754073446 0.0871484227343 0.0427710476804 5.77380545609 
0.227566328562 0.203080368866 0.104709353304 0.0381604114533 0.0225578766133 5.76870821723 
0.0587029624788 0.139899076991 0.239760503752 0.208374888152 0.0565429355878 11.8346937008 
0.188438885484 0.0187973757523 0.0686341473969 0.028605287116 0.170735768247 6.87088673609 
0.0824860338393 0.114559604716 0.0958085116244 0.179682336718 0.112555159178 8.51257001784 
0.0010052863587 0.223995958584 0.171731487082 0.12986316081 0.135019128931 11.9418268714 
0.0639156503538 0.0757298834689 0.0996515023798 0.00652401840758 0.00265013099984 4.92531797477 
0.211105961897 0.157577777006 0.185723441662 0.153870194475 0.0117815999893 8.01606346429 
0.197706750782 0.0509233950934 0.118513410096 0.101671138693 0.213084852096 9.36468649234 
0.064944634969 0.0981029778392 0.220532132735 0.120762964131 0.105950143711 9.75306859069 
0.210739329792 0.171152356631 0.0123279163467 0.0166792163772 0.00825441916212 4.92113104739 
0.190559067178 0.205940716265 0.0661581060459 0.0435305503955 0.0390618906988 6.29781276424 
0.211606275827 0.0378949549518 0.228965160927 0.232925320656 0.0782772321431 11.2275418086 
0.225485589487 0.153913337309 0.0325651002968 0.0560983447638 0.230754684353 9.69626903391 
0.163237858434 0.176998120054 0.2263358163 0.184066692303 0.194441434055 13.0477504751 
0.190849369865 0.110014429172 0.126531341471 0.144117405298 0.239274739722 11.2088106771 
0.0392398827271 0.236926158932 0.0129061105357 0.113737891288 0.0166449671104 10.2839169006 
0.225669714296 0.142103514803 0.183042086589 0.101280530374 0.0831363263896 7.28446789955 
0.0367354315542 0.0982324989006 0.00143424179335 0.102105529277 0.0933728398777 6.22032963761 
0.0182206054528 0.146730967122 0.0422602309364 0.221208487294 0.160038608834 11.4510481812 
0.0194785124397 0.112323067262 0.109294023038 0.186490908208 0.0267083839567 8.4454742468 
0.128876159619 0.0214145007264 0.117503888729 0.048422527439 0.0563008269342 5.18400328762 
0.210305500357 0.174190106319 0.0289792009722 0.031064096975 0.147311957353 7.10958243634 
0.047122929928 0.0462422634157 0.194153336726 0.0619968900434 0.209870857104 11.5314119272 
0.124068126253 0.165805114157 0.113014720279 0.0878714895976 0.232246723066 11.6808179582 
0.13972578642 0.111697348524 0.0927805998999 0.227771330232 0.0774668105505 9.31173682768 
0.148392606627 0.0502190925224 0.0322778194303 0.197101413836 0.213682112587 10.2771070618 
0.20567679479 0.0130801421373 0.0150130783029 0.148894213455 0.166284883792 7.69413272851 
0.200094927269 0.129669112143 0.167055993899 0.0568357670824 0.228872472263 11.2164378315 
0.0817723288374 0.0697024710976 0.0161952881773 0.15300672926 0.222676019525 10.107554747 
0.0559200647914 0.0652148828414 0.212731095072 0.00338640780278 0.135962108635 10.133494928 
0.131609947946 0.0890170431976 0.0502447320455 0.0541635992184 0.148323043602 6.45423221727 
0.0867976690579 0.0486014558526 0.0812449231487 0.139730858974 0.160240703735 7.86663840323 
0.0385453735765 0.0601573729597 0.160430071205 0.0607949629124 0.204766598072 10.3637308025 
0.15584024124 0.0617639120944 0.241283559819 0.150521870766 0.242279091644 14.3451550967 
0.0327737621158 0.140558666077 0.235327020181 0.0504384677312 0.0144821749884 9.76989897852 
0.232924760249 0.0798168548777 0.0585178072907 0.184567157493 0.186785817186 8.93737485973 
0.0888193039771 0.189515998649 0.178316635091 0.193046108781 0.0944685905291 11.0674370153 
0.0818988402439 0.0755039987862 0.170955024219 0.00740157341684 0.0256490731051 6.68749648132 
0.126055006549 0.0767894119574 0.116607368056 0.159839214953 0.197716839411 9.80177446888 
0.0818263880225 0.0620410624885 0.0467721627291 0.224579647529 0.0745662780171 8.72732891885 
0.194585282933 0.190189244348 0.101761186815 0.0072768777628 0.159958278838 8.40524762323 
0.230155506071 0.084875902517 0.032385371312 0.150452786989 0.190559303634 8.3052974524 
0.00441382591624 0.0730603176779 0.185103105539 0.150888234462 0.0541111713922 8.45889415003 
0.151434779118 0.029353678018 0.154266899115 0.113417998224 0.245103141978 11.7176378823 
0.043608846569 0.156320679005 0.109223517449 0.187269159226 0.0162132770998 9.29385033577 
0.0208215454991 0.104894846487 0.195407922965 0.0924997919625 0.0154381384275 8.02241926185 
0.0480144343697 0.202717235422 0.163397780435 0.161409035464 0.246495521535 15.1315598133 
0.19718415295 0.019692891009 0.0351652116652 0.0455954363681 0.0700566855656 4.2639449803 
0.0816962193629 0.145792814756 0.223010663202 0.109835900174 0.18572060747 12.3518570808 
0.0634405594679 0.234241919598 0.112160456573 0.0905134007024 0.188805430609 12.5766372045 
0.0969943045717 0.00336039766384 0.226249799451 0.0669459165464 0.0691968941769 8.84366555921 
0.219101488505 0.190918590328 0.17590409163 0.163780048313 0.165673371452 10.3224817688 
0.0373880330989 0.238419786341 0.180814575268 0.206498160341 0.101327448408 13.3273416487 
0.190235788062 0.19357145831 0.230226854174 0.242387875825 0.118134380296 12.6042371029 
0.045995909401 0.162829934271 0.0998810220707 0.125234110206 0.196389835191 10.9015072084 
0.0333172661197 0.0165075581979 0.23913498318 0.038102772229 0.0142228998321 9.18785695779 
0.0582965047485 0.0610200686823 0.241966932717 0.229328506689 0.0112580597258 12.0325020721 
0.0347043821542 0.157245884301 0.0367448654338 0.111226403972 0.237170558973 12.0698968701 
0.140880848085 0.120363064586 0.143000466526 0.0672340966663 0.19729318534 9.7132681769 
0.0412972999281 0.0953082560499 0.14126811758 0.0578133027411 0.105435981623 7.17175820597 
0.209163896835 0.187915149002 0.123336754615 0.104207099013 0.203813137592 10.22423212 
0.173307512803 0.0752535208395 0.211892150031 0.0884867858132 0.142156924523 9.44242666303 
0.167076216903 0.244365397612 0.0969783961371 0.174655368173 0.230376059362 14.3109872263 
0.169495365885 0.134033080494 0.223436054877 0.0508590046979 0.0999625995761 9.22259472474 
0.00893828457642 0.168466337635 0.179055364319 0.208600765029 0.0694157914281 11.2633170163 
0.0112782330693 0.159742236079 0.13827561759 0.0384307280093 0.0218498744161 7.24871727822 
0.19446513852 0.0371458493983 0.0258077853348 0.175186045291 0.190466486502 8.86363155802 
0.0519375837489 0.127702546168 0.225939610255 0.163490386276 0.220697447649 13.9424974139 
0.0322623802097 0.191741049493 0.141838409894 0.00403315266926 0.205251477491 12.2969178653 
0.0670782413289 0.208959150764 0.190644267834 0.2310615785 0.204089251482 15.1455972625 
0.173089439974 0.0954622674951 0.0377215955949 0.180238127053 0.20322224879 9.72344102875 
0.0167156996469 0.192849078496 0.0652077974647 0.0997589852221 0.119001803136 9.19076036858 
0.190611754357 0.180947617892 0.227958901636 0.084312572754 0.0897302713808 9.45006147456 
0.0494823663868 0.157921120389 0.0552250510354 0.00366245918003 0.182904381088 9.35171437282 
0.24737782262 0.00559304059914 0.242743626221 0.118303639838 0.0429352347691 9.54254374565 
0.244657070386 0.219189936342 0.0639691275832 0.0588044666114 0.106888331153 6.87539512865 
0.215657924367 0.000698583031302 0.246671764524 0.0896963470732 0.0108965750422 9.38851885323 
0.151499987816 0.0689811477541 0.0740859712158 0.0409658661272 0.0269637159388 4.24610727116 
0.0508733755936 0.0217293025383 0.000670867375245 0.146782035379 0.0794136758782 6.11049916576 
0.116651349781 0.040987525722 0.19110387227 0.17200121812 0.0431377049052 8.55687877369 
0.236317927283 0.0515342698751 0.143898261648 0.19778426149 0.133641740261 8.88516897637 
0.00249695561381 0.0745087800055 0.142725632826 0.159771516621 0.144733823222 9.093474704 
0.0462635455035 0.143517282169 0.15872292026 0.0581700265082 0.145475713975 9.27234375867 
0.0257087523988 0.0124436382775 0.130730461979 0.216389958687 0.082774228051 9.11433436757 
0.126096890956 0.0311279278037 0.229543990719 0.0288244109845 0.233147169289 13.9410930523 
0.0286855103929 0.141411879309 0.243472417141 0.018163927676 0.0661669380013 10.7900952589 
0.176208067467 0.14514285409 0.222953372272 0.190986477618 0.111227691905 10.6000245538 
0.102469775065 0.242194773375 0.157387882128 0.184012276495 0.150710392386 12.9998270179 
0.152580767982 0.149948278553 0.0271425188803 0.0672514392008 0.185181561011 8.56999249603 
0.152125604073 0.0377232934186 0.124689621354 0.0761208171084 0.111423308481 6.28797385656 
0.0781656562616 0.0174913315959 0.11769752418 0.0264965298321 0.214624485991 9.52456731861 
0.217622743122 0.0754746813079 0.0500604511488 0.0546118757856 0.105628364099 4.86398714566 
0.00235363151688 0.104395538405 0.173490770374 0.135453882484 0.175504077055 10.5410923814 
0.00545381158301 0.0960470646976 0.236490140397 0.239162385877 0.0448788550123 12.427626342 
0.18419821043 0.131387957873 0.206367473479 0.0706687201789 0.182406713989 10.6657917978 
0.00730086009609 0.207462494909 0.0709426887911 0.00517027632602 0.183850867792 11.2252436117 
0.0801507437136 0.0503189894472 0.216721800925 0.0511403437186 0.036000645311 8.1554773368 
0.218507660904 0.11426947666 0.0408985079398 0.207458595507 0.112726269271 8.18371569418 
0.200315305189 0.103343223897 0.10618227557 0.194666952694 0.220501012653 10.9004314203 
0.0501225239331 0.141122689133 0.192044405702 0.228083371611 0.19126950121 13.3675206084 
0.20771152493 0.0255806085705 0.0952689003321 0.151785823482 0.130886263595 7.24096766743 
0.0353515479411 0.128117467051 0.129336892871 0.191636208187 0.104324086149 9.5031886009 
0.237094550984 0.0394404655471 0.125294444829 0.176015940899 0.148999529853 8.47100959162 
0.17281844477 0.162956653837 0.225167627646 0.179029968539 0.107271283449 10.5878814804 
0.00250660432157 0.207980070452 0.161817471948 0.010900605033 0.0119716052708 9.07156477121 
0.0258995337914 0.119256399255 0.116707005182 0.0272423324218 0.00403306522003 5.92725396242 
0.106451309867 0.200325341938 0.194547136172 0.139328564876 0.082104761286 10.2065801394 
0.201980410114 0.118100682393 0.0804589601826 0.0812449534968 0.142026707767 6.53731619511 
0.121014123438 0.200485897143 0.1252692183 0.00761117623603 0.125963935553 8.93106598195 
0.214669577797 0.19954465623 0.0150108784988 0.12556720318 0.207740126868 10.6653177801 
0.196534609791 0.119496876289 0.153562717779 0.129035777909 0.182294016104 9.34571737578 
0.062869756224 0.0864871893203 0.221870187604 0.0804421823626 0.180270388759 11.5593681803 
0.0920058149238 0.0447105716272 0.152611689045 0.0410884440748 0.192178711322 9.43473893241 
0.0975448440299 0.0918407007424 0.166403698401 0.245231486167 0.161402270783 11.8347660875 
0.230348529656 0.216605295068 0.157509014579 0.131305077438 0.0376399732949 7.7439761131 
0.0952809616998 0.218303749608 0.141956444787 0.189591235218 0.0308530585723 10.9629067609 
0.143297371156 0.100256701945 0.229759252452 0.208397577798 0.142776613151 11.6344821709 
0.226990183857 0.0189268080024 0.248871077495 0.117508927915 0.168271752721 11.8798793318 
0.192087707486 0.248609227137 0.138463635593 0.0846694251808 0.212444565291 12.5099921874 
0.236947180248 0.137131392893 0.232489752772 0.171514434712 0.239536052193 13.619012628 
0.147869635029 0.190470265601 0.212071195151 0.127720270585 0.230982107624 13.9892164921 
0.237766388512 0.087940552074 0.0805010323434 0.156308929778 0.154003353472 7.5220200464 
0.0749749345255 0.0386528694817 0.0874786384633 0.167000534008 0.111275986932 7.38940210525 
0.068632025068 0.240976345947 0.0947974577146 0.0562041137749 0.212869771564 13.4915755639 
0.153890722882 0.194193799707 0.175091243037 0.0517538285487 0.212907726893 12.2037542133 
0.0705579002976 0.164647549605 0.0677192797345 0.165194308207 0.114807346334 9.18751773333 
0.210125267764 0.224021806859 0.0792894757302 0.00519860272716 0.00158862124867 6.38373893226 
0.220052357262 0.0951825133135 0.144525962242 0.0645265603195 0.114343197418 6.49210197319 
0.225081971427 0.088253115372 0.0305579233066 0.000616619480111 0.0555202523764 3.8717752394 
0.0257669011197 0.0664479854541 0.212183444548 0.0500640115087 0.0386571333693 8.22642558911 
0.103146167623 0.0122823843399 0.028402396741 0.00848464974706 0.0557947061935 4.10351967038 
0.114428657123 0.182225750473 0.0242759657944 0.157497030664 0.144275555022 9.87268933294 
0.152586336862 0.24513951221 0.156596346036 0.169596869765 0.144127948264 11.9777195636 
0.111478812385 0.116180084992 0.125562509885 0.19518896533 0.0769854875683 8.68575831109 
0.20359714792 0.0147076604885 0.240224498771 0.221931138299 0.14942592611 12.3200092266 
0.184665991042 0.0372540768392 0.0263711837063 0.152283734332 0.171236681287 7.81130883021 
0.140250917067 0.0322267005351 0.191710621445 0.0371563675471 0.118723354372 8.28445156361 
0.227344234354 0.215423808465 0.183729082639 0.0254699198905 0.164599274858 10.0901594932 
0.193105130208 0.000782059467901 0.0282520284641 0.0406722007605 0.21681623737 8.51567682114 
0.20234254525 0.106443642913 0.0539257278024 0.230383884854 0.172005695586 10.1214815731 
0.0028655225861 0.0639878488583 0.166386752257 0.00259792889864 0.131675612941 8.39993938999 
0.167630730884 0.24851593874 0.247718922211 0.216442322915 0.178866593779 14.9016558676 
0.204929995313 0.078413424285 0.241406031308 0.112728122599 0.0680653727803 9.11433967262 
0.181873555861 0.103421575691 0.189085692541 0.111873034968 0.153214877101 9.15569394453 
0.145920366925 0.0888679131717 0.159386404172 0.176168995373 0.204727168566 10.9863579471 
0.111836983223 0.19228298938 0.209874000156 0.133619953181 0.21781334444 13.8382523087 
0.0908580141103 0.0937728860915 0.106963517867 0.0227660211951 0.0305805685935 5.19855229145 
0.073977231943 0.032318910973 0.166353823974 0.104335492244 0.0519510859103 6.85223449592 
0.0030942633429 0.15893919264 0.0335891270412 0.0191439263681 0.234393893243 11.6393690388 
0.0944821863046 0.0516983239054 0.0951595644863 0.0962822933777 0.0699700845235 5.52230251836 
0.186514624666 0.146720225583 0.18300350255 0.0256219680331 0.200758436722 10.8773714541 
0.102452354366 0.12663453508 0.0159184408193 0.0437203311304 0.00928806435497 4.99443124723 
0.220948612035 0.106057182656 0.0628525066524 0.0394829213702 0.173120975496 6.87043388974 
0.110563981601 0.214057335991 0.123729301467 0.201988015991 0.0389828191234 10.9793445237 
0.105339016611 0.0734049998046 0.0829277353895 0.0250958713386 0.0872301147135 5.22308406403 
0.055404165988 0.242388362859 0.108545638568 0.1276208709 0.0074257621267 10.346971464 
0.139728652264 0.0689424648405 0.0872131071499 0.00238448324615 0.106161678365 5.48917098433 
0.136665873506 0.204316541796 0.184782793771 0.0704419361157 0.00997373948191 8.53353306165 
0.105038734601 0.0712655940337 0.0810004896908 0.192440184303 0.153845799513 8.91904358195 
0.12342434612 0.0170327004288 0.0100480286451 0.00481175963033 0.0750551621975 4.28005890824 
0.124249365275 0.023982393882 0.136305044218 0.178553653094 0.18655309238 9.94137363125 
0.152719543699 0.0480260925312 0.126124828883 0.0269354457272 0.0415346186089 5.10747153764 
0.117731898501 0.14803810313 0.21973982211 0.15813942485 0.20124126548 12.84818123 
0.000353392881624 0.115532504337 0.139210274271 0.216027176095 0.172761040996 11.51304163 
0.142364088527 0.222797517298 0.155495884681 0.224841667356 0.0256110003269 11.9648197715 
0.0481263976482 0.247796082747 0.140715496562 0.0385260667026 0.210781410154 14.2053577882 
0.0459111969776 0.0290686963757 0.156613245988 0.0123704614671 0.249104092555 12.251213241 
0.145964912822 0.149649973519 0.110251766645 0.0687060363689 0.233263341501 11.0735134278 
0.12862348688 0.0860125932317 0.0321042390432 0.11556386475 0.0732210830763 5.52752671751 
0.188641126514 0.0053201429711 0.242379266264 0.0244173512764 0.155664385491 11.6609111859 
0.0336586250318 0.185972998141 0.144485407915 0.0142978089597 0.230734148654 13.2430672116 
0.0718564030615 0.166449155891 0.0469748877238 0.012159952746 0.0689386940001 6.56191000935 
0.0747806908403 0.0187668652028 0.215341639369 0.231838995851 0.217697908471 13.7917265411 
0.23500579477 0.0755349966644 0.116505190689 0.100713272926 0.210586366456 9.07510873668 
0.00213895516751 0.0170915747395 0.180300034466 0.193555014656 0.166994965743 10.8250283219 
0.0118491629231 0.24191975909 0.131958854535 0.0243209502574 0.237069835215 15.2385207712 
0.0184297202066 0.215801191307 0.175366329081 0.246631216186 0.0367397072728 13.845590946 
0.127750907484 0.0441171236814 0.243698370324 0.0590873152261 0.0855106921392 9.7262381008 
0.0263388356057 0.0809813040781 0.101566717288 0.0653548221242 0.019932577794 5.34808808787 
0.0539853767979 0.182340598169 0.0393379428543 0.192880810594 0.212673990508 13.1007586544 
0.177725223421 0.146240309259 0.150013023445 0.175631748348 0.0858555721281 8.42355601025 
0.16086010648 0.0303014014602 0.0127767430265 0.122373197733 0.151141629925 6.75298762831 
0.239101120886 0.00451010000634 0.060991801162 0.00886231759476 0.0726290607749 4.61211120248 
0.0871446672067 0.145365412901 0.054724394175 0.0708052302082 0.22010590714 10.4179013418 
0.036946634934 0.0160482773869 0.0726723168047 0.122389871429 0.0572756391859 5.62205928712 
0.0664113097895 0.138965940858 0.15739267739 0.0229014447782 0.0758567650081 7.56267956083 
0.00150148171953 0.00918675814658 0.172203217441 0.0428927480448 0.160076874745 9.07236048815 
0.131890684321 0.01951809821 0.148117451626 0.0501195227234 0.183483183225 8.88046679534 
0.130344012632 0.220122598144 0.0503572522185 0.0487938645214 0.153545875148 9.79685717686 
0.241804784424 0.228788668299 0.149011831905 0.0571722882216 0.142855590671 8.68877925055 
0.0222457334795 0.107797910136 0.107530608683 0.234374769326 0.207472251725 12.4973658366 
0.0642551348901 0.00626168371467 0.0185283893599 0.128610623573 0.134775094364 6.66356817138 
0.245778910049 0.194400372121 0.0468893848246 0.00986175408247 0.173469714222 7.9219993779 
0.152190369335 0.0583942864796 0.0509631595187 0.122669413797 0.174229022452 7.60164497392 
0.0720729341822 0.147645632954 0.215225072987 0.118758187547 0.0787540345705 9.6932749193 
0.0130294585532 0.225307595545 0.175077289503 0.189915314715 0.212191066716 15.1635076344 
0.0627702403742 0.102702677577 0.126000837704 0.0134110852307 0.127550346475 7.35205024829 
0.200439423848 0.0373020733118 0.197093469445 0.0376853409676 0.17849641358 10.103280737 
0.184304813575 0.167218922194 0.176155341758 0.0338824821758 0.139508675583 8.85786179232 
0.0308890390696 0.123541463394 0.0300528542469 0.0176358486651 0.219706082148 9.97925068515 
0.0221250777245 0.138553541472 0.127040520522 0.217027543749 0.148171135161 11.1997486276 
0.231487072227 0.0672314679316 0.112438831359 0.0702949930774 0.167861644209 7.28273269292 
0.23803133786 0.213745985104 0.0391827322614 0.113568022375 0.0626710732899 6.88246106465 
0.117709459632 0.0700057385112 0.0340574273508 0.093541239246 0.134007821545 6.22071820475 
0.0917921577656 0.172290892962 0.120829315617 0.0512059948219 0.229601808462 11.9849987653 
0.140237488933 0.195247929501 0.210610804137 0.133837978929 0.127594087473 10.8220075525 
0.213543850317 0.157276207629 0.11495071423 0.21477929127 0.172281317703 10.4438711415 
0.225425840717 0.135716864691 0.18718698328 0.180420048576 0.187110789051 10.7508162004 
0.132231756361 0.0668253410444 0.175407142129 0.203114226821 0.211832140956 11.9843383007 
0.187986732076 0.181228096534 0.0972540510717 0.0847502461034 0.202120872277 9.89259796796 
0.0710257442579 0.131351628477 0.104310486635 0.137384288716 0.107480236395 7.9025651196 
0.0098709657746 0.0463078000559 0.181841060394 0.113899379383 0.107643112621 8.33671346069 
0.149863965037 0.144612671937 0.198132272291 0.116633934926 0.173258350492 10.6582626118 
0.0178000638317 0.0958628649996 0.0402233222524 0.0615102568505 0.123160580402 6.37712553518 
0.023510580179 0.120807673564 0.0635592491966 0.217833295276 0.135830900229 10.2529576027 
0.0818071019695 0.0889154075114 0.0318150162516 0.094308962439 0.222367198015 9.59153996369 
0.243871313291 0.0722128500518 0.229648130014 0.0549314405373 0.0751927062636 8.49379021347 
0.0123845115546 0.188963791573 0.0101509166865 0.104379647321 0.0745339552921 8.53770266687 
0.103952708664 0.124754599913 0.107338195534 0.0706066559018 0.0241130719627 5.75594539766 
0.174356236903 0.0710224915319 0.095981077015 0.0712722317574 0.168883554317 7.28475380232 
0.1091813498 0.0645344170822 0.174446361958 0.0237291965185 0.226556040972 11.5914778918 
0.151549202999 0.220051655886 0.204145450196 0.118367465468 0.111725201232 10.5910120385 
0.0792448655033 0.160026292086 0.11553051211 0.0310205513258 0.0433007822391 6.65744093155 
0.132475939107 0.249157382999 0.0045902361153 0.223361858169 0.210544458889 16.174153821 
0.139224665378 0.0444405231803 0.00222765163139 0.228023347725 0.0192309493749 8.61490188239 
0.021484093394 0.0424965567125 0.0704781688432 0.0513895743001 0.109899176377 5.65239807928 
0.161850481439 0.0510769252162 0.0453969367911 0.245447542916 0.152476983653 10.1029460453 
0.040409702975 0.106401603281 0.0114746100108 0.203616804263 0.209412013535 11.389804444 
0.0587691031129 0.0287463976652 0.18680566298 0.192576114589 0.0436296986741 9.15584253007 
0.0789935297484 0.104592954989 0.0219317914354 0.0476166559671 0.0422996020397 4.87550672665 
0.220298377609 0.0427541699396 0.048635483797 0.0418521538135 0.0974691095309 4.64193276012 
0.142656666748 0.186786092216 0.0750191280932 0.203231309485 0.151226504655 10.9309236763 
0.0642765450091 0.187341190209 0.245813546911 0.00261714902957 0.235108493411 16.7577455014 
0.0690465456935 0.0764261687197 0.0249211909419 0.00284444270881 0.0741055449661 4.76420152878 
0.083614810026 0.249982910726 0.0842063588188 0.109727593564 0.100655438986 10.8238897658 
0.247953682812 0.237812285627 0.249644170638 0.00524664826548 0.123986719412 11.3990482327 
0.175503152269 0.196906402676 0.0553394 0.189604534256 0.163983818468 10.7794788199 
0.134198306154 0.0281489551065 0.111909013089 0.0691259315955 0.111246522632 6.04823994824 
0.026526893224 0.0107584541508 0.235221488051 0.0521665236618 0.145882360775 10.9976119551 
0.115349911487 0.0661640482752 0.0511569640378 0.133532120547 0.203440407872 8.962924326 
0.0772227538479 0.0395325858937 0.201012008579 0.141182518569 0.127520804225 9.41377016916 
0.185038503626 0.0239627893115 0.051198201615 0.0809552303327 0.00296144338609 4.24342999982 
0.0989969774951 0.245191644631 0.245499147172 0.221772228029 0.103533490903 14.4376387181 
0.0557028063733 0.110531123769 0.0161669283838 0.140562565421 0.0135104688118 6.51740231161 
0.12822917969 0.24573041416 0.233754816533 0.15643988564 0.0591260812134 12.047055899 
0.178637924594 0.110562465946 0.232914673921 0.071397104893 0.176338158518 11.3672297202 
0.210726205395 0.206681056007 0.0505991166166 0.227813349057 0.130853419891 11.0867657392 
0.163766107613 0.138524944825 0.0357965413159 0.17280465599 0.0813670220188 7.53806701034 
0.127153188517 0.109191634376 0.0176875244531 0.0508105444515 0.104033660811 5.57421514056 
0.147888077097 0.165075801055 0.189359598222 0.024242178196 0.0277328151024 7.79832707318 
0.132217352111 0.0730300781831 0.225073705095 0.235600842042 0.136041258007 12.0032261281 
0.237780953864 0.231873381321 0.185102196613 0.0791749394699 0.107242912763 8.70338923253 
0.116535467242 0.077459980087 0.206432578304 0.0308886147572 0.205030962736 11.8043800531 
0.0912403069021 0.00802686912166 0.131077056442 0.242758016601 0.07239784587 9.96136168967 
0.0996360021668 0.00961703999846 0.00889996080554 0.134912833286 0.154348486139 7.20154716223 
0.124959825637 0.0145059172335 0.240815562794 0.142035349748 0.141428934836 11.015165765 
0.0260313277884 0.174084784365 0.0748957959438 0.173936912538 0.215621624386 12.6443119821 
0.228543493678 0.0268966956742 0.0474093682955 0.0790312019817 0.00342339660054 4.17020178187 
0.202599826126 0.0105600242312 0.0456732210699 0.0656022671481 0.226006935328 9.01787323081 
0.179697590835 0.0569103330026 0.219272916642 0.171972054887 0.106188869446 9.70705067587 
0.17307056187 0.0569779775538 0.203246730503 0.0637931975285 0.055481942076 7.47232012058 
0.246116127598 0.202494574116 0.136519776151 0.111205521878 0.138702249475 8.11935299182 
0.184250141282 0.00115839027117 0.180036929703 0.173402577032 0.0565700976219 8.42556446819 
0.118170706672 0.0539226693688 0.202712536015 0.159969020486 0.0477719625144 8.62823995002 
0.220094497873 0.170341669657 0.0530950346609 0.224148715572 0.218900528942 12.0823301415 
0.212940976695 0.104375504319 0.0734151228731 0.174343774742 0.135023821477 7.65048091588 
0.0125291779091 0.0762128808601 0.19044497662 0.0992262774658 0.0627670995971 7.9591943864 
0.175252524985 0.10805628655 0.108268278356 0.0315411142143 0.113853222794 6.05304631295 
0.0133281215567 0.00690935657595 0.0491217809495 0.0385215551362 0.179150267549 7.32063496294 
0.108351189229 0.0659214812991 0.185157188099 0.214539501685 0.247747971413 13.8296633676 
0.213466443336 0.172480046054 0.220537529771 0.160021762205 0.162477430382 10.9812439188 
0.1877887937 0.0840189735707 0.139702885556 0.151949001241 0.238371629052 11.343652403 
0.247683366046 0.0680303154687 0.0905707095553 0.0258286528856 0.203183388693 8.08604877879 
0.246635223525 0.221642017294 0.237078229705 0.0958531789331 0.0368876037121 8.92556720081 
0.068771150442 0.140366605762 0.0978161434204 0.218392886961 0.0356183399316 9.85628414855 
0.171767419557 0.0247287586299 0.142911416696 0.117291065389 0.247172904469 11.5647243024 
0.0528676450342 0.127528647046 0.032167700857 0.184160537368 0.0298409141011 8.19686700293 
0.00990174824179 0.00767375449366 0.140502709662 0.0272725552684 0.187319283535 9.11483989302 
0.0213180526365 0.135476088019 0.055640090864 0.232881451453 0.102455335883 10.6602930365 
0.245479074156 0.00129085265724 0.220672610746 0.189320372674 0.101476695832 10.456875543 
0.162629652214 0.101519389732 0.0334263134707 0.182114768684 0.110215922272 7.59835677373 
0.106229559045 0.00122116693772 0.00379885047551 0.244881016682 0.193196634499 11.1415613514 
0.156613723905 0.124842682979 0.077040724244 0.160270589561 0.0995537036504 7.34575147819 
0.00211944481386 0.19906884751 0.154341957034 0.230676080989 0.111281535425 12.838932465 
0.235158955921 0.0633661207559 0.179744272613 0.00510425029475 0.221701262883 11.207471189 
0.10606549045 0.189727119954 0.143869898608 0.107257099833 0.0273553433833 8.10905603971 
0.246259737061 0.126324573714 0.0619501406456 0.00061444909633 0.137781803189 5.75247756902 
0.0436066102026 0.0970422571047 0.0672346333463 0.0688984056447 0.0872556032395 5.80170229306 
0.152974195241 0.0728956259856 0.096466837764 0.216649322093 0.190024356448 10.4293773007 
0.178786097809 0.0845719772221 0.0830595878137 0.10134372208 0.207735659802 8.80493787316 
0.163291509078 0.235384723057 0.0858407105232 0.128062757354 0.135519797959 10.2053941395 
0.150802522681 0.0938499535579 0.150787592009 0.103005337353 0.151405667704 8.21611520934 
0.135120794884 0.0529431254287 0.116856696427 0.0649766249177 0.203169147954 8.94166128537 
0.215941457826 0.151199683229 0.0893565230346 0.0695227478448 0.114933434269 6.15679305326 
0.023705032519 0.203229275413 0.213237406518 0.220763940532 0.216554951052 15.7668644534 
0.0871553554637 0.167489376168 0.065157683971 0.121721496854 0.131485987963 8.6071741708 
0.0771938314301 0.10842120038 0.00796922083791 0.146656671163 0.230856227698 10.9417058448 
0.248472734584 0.206869606999 0.198492800821 0.224084083481 0.185148316751 12.2003650646 
0.123728115311 0.186968460082 0.0230291766554 0.0677923489825 0.237144715925 12.0736101955 
0.143894697531 0.073657926587 0.176823275938 0.118613559086 0.232708099213 11.8068512384 
0.0256909069881 0.192992923658 0.158763148409 0.0313888540741 0.112011235389 9.65875512067 
0.210336601867 0.0227352557898 0.0725008570288 0.157494775502 0.0539394084158 6.11564205649 
0.104571206856 0.0979197254942 0.0953329672113 0.105155699005 0.170503913688 8.1917593478 
0.0992185578207 0.182712818744 0.249367946739 0.179179896224 0.0617122403346 11.8262705565 
0.17393019455 0.00600832098544 0.166559124807 0.201283300368 0.100618139804 9.20764826791 
0.153945685876 0.0746093233783 0.0810231201647 0.144864882917 0.118215604441 6.83453867989 
0.184120798351 0.249074647232 0.0203849909341 0.216955206301 0.170946152727 13.8293273636 
0.097444495673 0.113721150618 0.139292204609 0.23241354379 0.248284962627 13.9245001497 
0.0531449851979 0.0545524141195 0.0291432076233 0.242544725726 0.166696656257 10.6479907753 
0.0435644456 0.13567432221 0.00666165336779 0.116450145495 0.0294666675458 6.61295042716 
0.0644269845397 0.229962122601 0.0870765383468 0.0377045567444 0.101940379898 9.54483008993 
0.208226773808 0.137517582062 0.0606982154905 0.076322483509 0.107741777864 5.7337919837 
0.167747987848 0.120405796795 0.201754207054 0.196311350733 0.00809799896922 9.62125689849 
0.057037283671 0.204353515759 0.102215321068 0.21347572884 0.222898452932 14.6229797453 
0.107569968937 0.139856281033 0.0047891881487 0.0154576229355 0.0430232688247 5.37044039849 
0.122460350193 0.0915946540913 0.0739342135336 0.0709619295351 0.0523585811959 4.98523739206 
0.15459146442 0.0360209145697 0.150994979254 0.220170698787 0.114961804665 9.56613047277 
0.232314686484 0.134525776704 0.0138763073417 0.20984825058 0.102600061565 8.32439191602 
0.0459116445506 0.100916676007 0.0747750177683 0.224327201813 0.248136489674 13.2674296235 
0.191338906445 0.174258348695 0.204111693003 0.181366898069 0.03584470959 9.50545704416 
0.227885929881 0.242446416888 0.0764752855871 0.0848638362634 0.153413306458 9.28342667313 
0.237823802088 0.0983015885604 0.172373377528 0.0497840952195 0.161298846172 8.3662216607 
0.0709956060576 0.20901878114 0.0763960862354 0.132016308196 0.175167788984 11.4431479722 
0.183674422075 0.217432632918 0.149685881744 0.244355979585 0.0739021997892 11.9423522803 
0.0315059756661 0.184448964615 0.0735293007045 0.172218969679 0.206246284527 12.5693153971 
0.17674462965 0.205817763846 0.0980807862858 0.215521687344 0.101983429553 10.6435532163 
0.136361376818 0.0126046948534 0.0292370673513 0.051360335888 0.0928529634423 4.72021774617 
0.0112946470217 0.0501972719262 0.177823944436 0.000569165438724 0.214627742439 11.5812686909 
0.187459037207 0.00810713577323 0.203515026005 0.112588733045 0.219867980165 12.0775700613 
0.226019769873 0.152329219284 0.0289516815287 0.214098642955 0.216831179163 11.378371338 
0.0295897177223 0.190555071952 0.229108960978 0.181104844294 0.149245235191 13.1868154744 
0.0982292833866 0.095693854695 0.208509945819 0.157875797837 0.131448532404 10.124562261 
0.140071969109 0.228176736661 0.10035237845 0.235298547446 0.136134803103 13.0372093466 
0.0634656613243 0.0861314456281 0.0252041713657 0.094679355053 0.138347196498 6.74624247794 
0.0384276616504 0.236154844163 0.143648215457 0.175128128439 0.0477838676276 11.6175977792 
0.228692388061 0.145014338745 0.0501766823522 0.0645921967747 0.0522239620246 4.66383878621 
0.191991170051 0.229330858723 0.224180390297 0.0564281175342 0.136729496778 11.1749932484 
0.10288585973 0.0522625104343 0.203803943887 0.150173240429 0.234025461756 12.9281755067 
0.192098132214 0.184818983455 0.181898968618 0.124382957121 0.190933227352 11.0360962299 
0.109804512199 0.0909590946902 0.129104715871 0.230616830657 0.102763809988 9.87500646664 
0.00397797851357 0.085222490503 0.0622867624108 0.139030598157 0.0212312711786 6.30517242301 
0.0782918800794 0.0194807489514 0.0684459908979 0.0832319787703 0.174259566835 7.41731538978 
0.0791362662702 0.154627055249 0.105990953594 0.0297276285836 0.21347276978 10.7318758641 
0.200770530238 0.242379197069 0.224984970149 0.159027019518 0.120249464286 11.444353137 
0.194281660299 0.1801766096 0.0821788403006 0.0799691566173 0.181926699202 8.90316194634 
0.153215902637 0.079679988134 0.144316141313 0.227353304999 0.127742934699 9.95632220163 
0.110498865125 0.108265980479 0.245530775662 0.162031916735 0.102472590944 10.8633262794 
0.019503989062 0.0692062683821 0.0938696870225 0.0294184878514 0.203915700228 9.02348302619 
0.232671994781 0.0220655781585 0.0929000468978 0.142628455303 0.0150415111627 5.8582941265 
0.0760859288643 0.0695783471572 0.0277404129823 0.232050234776 0.031195953504 9.11406687484 
0.156496790633 0.0470748496853 0.132497785208 0.244470823984 0.0751773644918 9.8640837179 
0.16624852447 0.164773426177 0.0150477754241 0.00837175090569 0.034330972842 5.36546176571 
0.200472922838 0.025443116516 0.188854634769 0.163123544771 0.189421225227 10.786580366 
0.155772125123 0.200504338605 0.0978590121477 0.0204982648617 0.164092138163 9.25444105494 
0.174728015488 0.0899866554747 0.113379855677 0.231511475775 0.111102663414 9.45956368126 
0.230586032543 0.0247797655515 0.144213648839 0.10064392999 0.00935233530461 5.86455328309 
0.114697287385 0.207116349067 0.240802516219 0.0410783390738 0.116216580248 11.9273504518 
0.0865263685787 0.176410246457 0.116146365398 0.0724181782639 0.205090885795 11.0719059614 
0.184346106899 0.0914312765051 0.0204590711008 0.0727411567626 0.105459586292 5.18118681799 
0.123971212083 0.142594890215 0.0809787895813 0.233407022518 0.189201556946 11.882357248 
0.188944192667 0.187566751607 0.222071764988 0.119489227287 0.108358614642 9.87504212418 
0.184642537907 0.166883176292 0.107530044761 0.230579576668 0.0715323799133 9.97618721109 
0.135616827104 0.216557564423 0.126751982246 0.0137031838141 0.0603658199639 8.02362291024 
0.240914812406 0.193483613758 0.239741531579 0.0604169795656 0.0654372385313 8.99737199325 
0.241225506723 0.146761412141 0.130431986439 0.0729359400859 0.159787116343 7.58837815977 
0.211267206803 0.0134445006529 0.101362877742 0.0354359106911 0.141935479898 6.4967733171 
0.168389971963 0.0523842101737 0.0162408119441 0.11486521291 0.158665118483 6.84628552267 
0.156670468148 0.237893411209 0.152619478885 0.195155594602 0.241425286608 15.2200537047 
0.210461026029 0.0576768468686 0.151366589102 0.162451858286 0.211247922092 10.5068683069 
0.133927945771 0.0260657860538 0.0568227538573 0.0613427471699 0.187777375235 7.51495925963 
0.0843622256188 0.166044894786 0.0579815568181 0.0746484731624 0.160698824328 8.81043568605 
0.0182546131482 0.0258663266596 0.0044774930304 0.181710368061 0.0801033231734 7.16290152385 
0.150345970806 0.128241981529 0.16869838673 0.065932942173 0.0456103069495 6.79012992857 
0.117974474584 0.167083518424 0.0566572011225 0.245143450769 0.0320908488087 11.291594329 
0.158949040819 0.163115316909 0.173293251278 0.219044998153 0.162450472116 11.636029934 
0.0507693398762 0.159556306533 0.00278291238515 0.16614037493 0.223207902926 12.3989465278 
0.199507072801 0.22980955575 0.017507219687 0.159815336541 0.0825708965023 9.50962514244 
0.164987548297 0.176989399389 0.15977055838 0.0445749355726 0.184057000548 10.2375302428 
0.177326375869 0.130018475041 0.187163107184 0.160961427813 0.227336444438 12.3120084314 
0.0325356799087 0.248583915365 0.238990908143 0.197449836515 0.158183907396 15.380734199 
0.177886454145 0.117877873234 0.114484151024 0.169365019758 0.249439103491 11.9984796981 
0.0763900246266 0.139020635609 0.202907458728 0.149207772969 0.215430166507 12.9961046419 
0.0819416368161 0.0479616356599 0.0735881300194 0.136183465727 0.0209351643139 5.74255898887 
0.161066621987 0.235674376037 0.126010289529 0.0117891005723 0.131376576725 9.64774464753 
0.106602622063 0.0552161373308 0.00195688703166 0.186851620949 0.0963160185182 7.40873124832 
0.0621941247652 0.0878418619922 0.0104752835228 0.0151784523755 0.0559518956842 4.69966065364 
0.14853444209 0.0692157819915 0.0985510510162 0.08954931459 0.0753509188743 5.42507729909 
0.24312314538 0.235043038608 0.124401714038 0.0394747638067 0.0665315870307 6.90059658112 
0.148089946848 0.0551777802894 0.152642589907 0.201821615955 0.217344228411 11.6282310643 
0.193536962013 0.00114305571244 0.00281488816242 0.0498001068043 0.225895936598 8.91740642392 
0.12537522124 0.0661840807758 0.188801208505 0.0198571306534 0.0767815931336 7.51991341019 
0.203448484868 0.00471811839521 0.155968525909 0.101379420387 0.187889842357 9.45972869677 
0.247321169421 0.0489712785161 0.131026388285 0.223631997585 0.141951075441 9.606274861 
0.0417492652658 0.11688795613 0.181514819683 0.0115737331141 0.183131911177 10.8828118146 
0.101525071201 0.0239366773708 0.210233439453 0.0761059217279 0.0468210226659 7.92174372506 
0.0149145388039 0.242227722494 0.0889953262984 0.171960392458 0.0192117843904 11.7104330173 
0.225262141571 0.112591664607 0.0879355219248 0.0851463212995 0.189310923363 7.91935209766 
0.037248250951 0.239036534327 0.148805856572 0.205243298109 0.230741741772 16.2603265168 
0.178670796675 0.165258086028 0.18696066087 0.0950176051111 0.246721309334 13.1886001413 
0.112481342695 0.220199814149 0.220552941822 0.215443517902 0.233182738718 16.1574935955 
0.246687134141 0.168752776732 0.0588604144657 0.00414459305382 0.144578969549 6.4822963986 
0.0020250455801 0.199149034558 0.143150031119 0.126798251805 0.147888347971 11.0383770827 
0.202500287492 0.186510374884 0.0302857184643 0.157366453685 0.145540165945 8.97363475229 
0.0308361879418 0.211084438783 0.208515885193 0.115523536718 0.0908389805616 11.1938514102 
0.148425572891 0.0201601681688 0.208705285975 0.0236006147935 0.0168166256879 7.67022599651 
0.0265838208473 0.243721424373 0.197101650576 0.0590642330172 0.0895498840225 11.6328087325 
0.0543674960733 0.142884000947 0.0107073170398 0.246170006236 0.0794294910042 11.2330235377 
0.0297417497181 0.14667062209 0.0569039561745 0.00642877446117 0.0510390193981 6.05789491918 
0.0478077709901 0.231353709345 0.0516510496069 0.112663397406 0.132563638843 11.078589272 
0.218527324297 0.0790166284294 0.172326698992 0.226389400803 0.166198894347 10.7886042486 
0.102189201401 0.0593200458119 0.0781377706129 0.189720648539 0.0619809388394 7.43200817596 
0.0503545802021 0.205644786313 0.174308782017 0.0934085085176 0.164969709469 11.7431880779 
0.175150974514 0.225537774554 0.0404802442784 0.0138116834565 0.217709596934 11.72750336 
0.0120294130456 0.0709727363304 0.0312996509827 0.0976993304823 0.176203735313 7.87531479137 
0.220663950672 0.10759325074 0.170441122006 0.126444591129 0.0651913023965 6.91641470172 
0.0537483257281 0.246578471005 0.146663990402 0.00191656793722 0.0339112235059 10.0164607019 
0.0487523477958 0.220279596428 0.02479211581 0.0480265635654 0.195412501897 12.1283788506 
0.17199446608 0.0470213318214 0.1735845933 0.0471052031812 0.234497186285 11.5761662755 
0.155009639067 0.195101299016 0.246822296817 0.131606058361 0.203563264153 13.9361280077 
0.0918159432411 0.108759339144 0.186468750147 0.119748289565 0.189087371486 10.8880944312 
0.0262274014588 0.0336102540367 0.140036774772 0.193761992965 0.011824210113 8.40863647821 
0.194566652889 0.0472275022264 0.0207796815148 0.162316482424 0.190446404381 8.57381247633 
0.0303611001818 0.134430072617 0.0296752260687 0.161900774385 0.117505046523 8.55545575028 
0.228921315913 0.0193066019429 0.219256809635 0.125896549412 0.248462828754 13.8470297133 
0.114268949345 0.0548015457864 0.172981960978 0.113515957729 0.110093246908 7.85497708625 
0.0613111675574 0.0126362547985 0.121706676649 0.0372607973251 0.0939367380384 5.94645028148 
0.0266707085368 0.0152237729429 0.0393498983126 0.158803178662 0.018972622361 6.19850591667 
0.137395371508 0.0535722769899 0.0935618293685 0.196474432042 0.0441063223943 7.57690201207 
0.130336363887 0.13899054658 0.207481928156 0.09550972997 0.0918853072378 8.93305487381 
0.00339122006583 0.205232657263 0.247137430181 0.0150448903129 0.130420106109 13.4835277326 
0.136452588422 0.160409153275 0.0073687500497 0.0774085621682 0.00057418634745 5.93257582941 
0.143766091477 0.168115284111 0.0310639733138 0.157588714592 0.0712014215098 7.91658862821 
0.132094830334 0.22380163669 0.182039580109 0.0884152803614 0.0118104733646 9.16222008781 
0.134324284141 0.170067118511 0.00764542261782 0.0832751471382 0.231605558566 11.3599397797 
0.113393490832 0.212964423019 0.212999295047 0.232149600068 0.230515636753 16.037465451 
0.0217100590045 0.128184661883 0.212544812116 0.0317528021564 0.120517501201 10.1980844463 
0.143698642102 0.0211519082793 0.231542394366 0.196351735194 0.10745407774 10.7804766143 
0.134173532258 0.12107332491 0.0620274500209 0.0553540158306 0.0365160796635 4.95825103864 
0.0740612667825 0.183158123389 0.086547010385 0.150504659484 0.248113852243 13.646933043 
0.0510764421685 0.0963864144866 0.229577363102 0.0430786740252 0.0503154171528 9.20238596054 
0.176982118656 0.0500536109765 0.210852577965 0.210551723287 0.179805912571 11.7956827137 
0.145574483335 0.108652562657 0.143284580668 0.0345319281812 0.123697309723 7.20459543153 
0.0213088259367 0.237883258525 0.0481615082538 0.0075665284771 0.106303570342 10.2055236277 
0.102728361136 0.170602979807 0.177266109447 0.0928806178056 0.12863788008 9.56747482655 
0.0338579547939 0.18840336851 0.02685782852 0.0958350562094 0.126597591277 9.15386824308 
0.0181977710676 0.111675974432 0.161386760235 0.122407840738 0.121898534137 8.75548202446 
0.105302064641 0.0992053170854 0.198192024299 0.10855223649 0.175018163394 10.5179480125 
0.20373009743 0.145500269991 0.0146965068232 0.060575290297 0.089967127906 5.41228506718 
0.0641360201833 0.224340146804 0.0241283629326 0.152582296131 0.0215578981512 10.3772578845 
0.0698509669845 0.0413299073751 0.14168401521 0.209465477356 0.223976962041 12.0686092976 
0.06521914356 0.00908132535513 0.101932591357 0.0231157010399 0.233253557569 10.0882558683 
0.04797845644 0.0694439300452 0.0906891911356 0.0134370701556 0.0166833732219 4.79049788783 
0.184091311773 0.00376007487415 0.187105110482 0.17712909373 0.0558387430827 8.6668779213 
0.0993646088618 0.234603774281 0.236500556432 0.0740373796644 0.209628864601 15.3809151747 
0.0306983666233 0.243205899668 0.0369795307492 0.209383824995 0.130930239629 14.0685982732 
0.240781616952 0.0621637984219 0.0674600380722 0.15792378053 0.0637881844694 5.9441118239 
0.12551790104 0.0812633498726 0.124655588658 0.174184037445 0.150972782556 8.85180686148 
0.0397358788578 0.0822837658379 0.0900251340311 0.241315246579 0.0337400857672 10.011140011 
0.0880469181831 0.0832672671491 0.17737190534 0.0783805449087 0.12200052227 8.23576653212 
0.241986363774 0.0183832686436 0.0272039659377 0.0339695417558 0.131172698353 5.452185338 
0.162155335699 0.228148082615 0.0446915428903 0.0893378518657 0.161326233367 10.2338735911 
0.195104482928 0.131249117606 0.0287542695948 0.104090344714 0.102630924177 5.93914907772 
0.106807003296 0.0778459998072 0.170716491581 0.174568145429 0.0959253789057 8.71299344924 
0.126271719088 0.20405239283 0.126159240491 0.123053470392 0.0866149836861 8.84109422108 
0.154015332651 0.205094375472 0.126486346365 0.239554584375 0.16349826972 12.8149187814 
0.175654185736 0.0185649255861 0.105695447736 0.16865882121 0.156051353152 8.36719417146 
0.0112944449525 0.100497493812 0.201400332103 0.0403126284103 0.204513975543 12.1288038798 
0.209621403049 0.206578685171 0.0533504505185 0.0405302772176 0.0204006270968 5.90463203525 
0.0209597040658 0.092317628731 0.094853702341 0.00837956321501 0.0599847570966 5.53349090034 
0.247055708839 0.056296997022 0.239569336286 0.0756780776008 0.231886285273 13.6290950242 
0.139190134053 0.0856070263641 0.0569392589556 0.0512254536339 0.106646153103 5.36375001818 
0.199606999047 0.134393563824 0.221240454575 0.0321604813885 0.189035358741 11.5178482739 
0.101446000432 0.0774608055524 0.0409962034329 0.242402993827 0.1956006229 11.3930459288 
0.0799576993149 0.247585737259 0.0885040897457 0.239760716756 0.138550179405 14.7489901942 
0.0540017649126 0.0144425977458 0.0901473032418 0.183502741853 0.235708434488 11.3404214729 
0.152233570617 0.183752912377 0.10862001885 0.0645233550068 0.139931954603 8.31479891974 
0.00658232359107 0.0178153981041 0.197696917554 0.143391972506 0.0409518242954 8.38607667215 
0.194678076089 0.0171057777548 0.195384785329 0.185990113242 0.0745885792724 9.11887057426 
0.0925190741046 0.17773523037 0.188167359194 0.20135677929 0.16111413969 12.3178673199 
0.0941119986086 0.129272512332 0.194601663091 0.201572400912 0.0953804560751 10.4590351234 
0.192075398158 0.110260562878 0.027279908351 0.0438248870718 0.199963912984 7.97369241602 
0.143529258317 0.054249358077 0.157093584881 0.234779970342 0.150677934029 10.7408712572 
0.122711198248 0.211072916355 0.208838541298 0.185550168986 0.00303676301083 11.3356511143 
0.242980146474 0.151694134911 0.117821873701 0.106311334335 0.129311098105 6.87394920987 
0.0847208175083 0.225676937751 0.0511679784037 0.023159926993 0.182973022298 11.4365210752 
0.163299004437 0.0149399568951 0.000297968475709 0.0853955098044 0.113002078186 5.36676080755 
0.242666371943 0.244803443284 0.0684412690561 0.109946580258 0.112489125106 8.38366301518 
0.0335190970867 0.0513516091208 0.184906637258 0.0822868872822 0.0794313410365 7.67437934861 
0.168425842673 0.0421578320011 0.0705307667111 0.100182623592 0.112807146037 5.73692005389 
0.208743115251 0.00326399409892 0.0393559726775 0.122042313933 0.0369551725641 5.13104387752 
0.0506313557208 0.0224178649303 0.220217622756 0.0548895410617 0.249292799369 14.2946210445 
0.0705412480089 0.13073675617 0.15289210951 0.232486667312 0.00558821463188 10.959502195 
0.10181739015 0.134898525825 0.129450911349 0.19544700244 0.0567385050951 8.97620081805 
0.0693228340719 0.171498547907 0.246798489725 0.163272610591 0.129766523654 12.4353099476 
0.202030807241 0.228740820346 0.0820644056212 0.126637868833 0.00676767793305 7.90325113775 
0.0779594297101 0.117456028107 0.0742741692621 0.102295991925 0.219574140853 10.2074686675 
0.0208827321732 0.198866119105 0.196994895568 0.235073915157 0.0118184035788 13.2876094811 
0.110995023045 0.0270004591658 0.0930122933348 0.0803723339583 0.0887658308009 5.47039234089 
0.168110144182 0.0673939911776 0.142987849064 0.214221196858 0.138932363716 9.60415431421 
0.237025928139 0.0202563539867 0.240741782782 0.182335351287 0.0372824312633 10.2406932384 
0.0724931560855 0.143848390241 0.202923886706 0.239358990614 0.0654313795564 11.9829983522 
0.0583512198102 0.0275521185307 0.152085544364 0.202453631103 0.116857597153 9.32699770798 
0.183928080069 0.192728230245 0.0591346714709 0.181291764869 0.242574858239 13.0052615204 
0.0699619606949 0.133572538122 0.00551133728884 0.0891603494803 0.174168094877 8.66258179471 
0.146359743698 0.125553333664 0.198498514685 0.0829388278734 0.153808807023 9.74870834416 
0.038686627556 0.0831312724282 0.235441968629 0.087251162493 0.114933992924 10.3245259186 
0.210729213659 0.236322502181 0.151103333694 0.137544042786 0.1990017104 11.8200042704 
0.164993797078 0.217480020402 0.128296619199 0.0328308837795 0.0509872809885 7.55661116963 
0.0134257326319 0.0347407911948 0.015647147183 0.0489737716489 0.0724131613301 4.64640785855 
0.0590906337133 0.0676119099421 0.0270002418745 0.229542467073 0.0163949278858 9.12372788978 
0.227658531919 0.228833976703 0.139133311041 0.173709285894 0.0365242108141 8.88748840195 
0.0591416640186 0.108573447732 0.136556098518 0.132531954046 0.174560253097 9.60041052503 
0.218328914686 0.223331461847 0.105545710655 0.113558069578 0.215018278667 11.3300474733 
0.0947251116378 0.0569904945627 0.234608930273 0.154330703368 0.192192297489 12.4139600368 
0.109393491378 0.0616153084606 0.197930845809 0.00751661223146 0.151008767556 9.69629091637 
0.15759637659 0.246940881906 0.148031907069 0.0820702684738 0.247826895808 14.7104129324 
0.138963077995 0.110068958642 0.0857676152495 0.0857743875909 0.120415754709 6.46433051316 
0.196163056698 0.236697498699 0.169871949993 0.0444352153748 0.0914439555277 8.88086603032 
0.0236075899334 0.0748624940431 0.0364879248902 0.189740540486 0.102937346912 8.03944535057 
0.0929632068713 0.0269054031519 0.165310762605 0.0138241736422 0.0654349680723 6.62502635877 
0.160832406635 0.0801065590149 0.00809633500971 0.137547475595 0.00447969146321 5.48355594033 
0.0882685000504 0.118419031441 0.206395595399 0.124843273206 0.0765391240063 8.97665438543 
0.0779220304484 0.0373004104501 0.0410993882649 0.0640817015358 0.0311708499993 4.29017815729 
0.207969925389 0.0624731230931 0.194438285173 0.106745092803 0.0645460767142 7.37818834978 
0.230716938524 0.174258406282 0.0406071155729 0.215846544935 0.129877263757 9.56598793013 
0.104102056175 0.0365301858598 0.120472829784 0.184920061785 0.0244345927614 7.56759867486 
0.182991559088 0.0644013057253 0.0200004172115 0.137167419809 0.0761573516962 5.56778244715 
0.204241692322 0.0613765988502 0.189882935246 0.0911874691943 0.150801195401 8.83322536418 
0.170087252028 0.109557808346 0.15250198889 0.0740497131157 0.0158204266268 5.95004483858 
0.243601587236 0.0534047530928 0.180748643854 0.0301610897109 0.120246592349 7.67294446632 
0.131564371325 0.05404057948 0.0120926936213 0.0337119807712 0.139501532901 5.72917995613 
0.114101805 0.217971093484 0.119749331455 0.0462763839903 0.188914937168 11.3935991031 
0.163479722594 0.09381899191 0.113333471812 0.0693615912565 0.112660228036 6.19859380348 
0.150533285698 0.117639347719 0.100108545857 0.231112986233 0.0115929216876 9.61052001283 
0.171615412829 0.182381154499 0.215335966633 0.0957068240269 0.081717104626 9.21183598124 
0.179917489843 0.0311777012642 0.0328904203128 0.147010960959 0.216128571701 9.28925728013 
0.112298712371 0.143296495954 0.227427205378 0.205097054696 0.0886920238857 11.3088140665 
0.103820658645 0.239346170263 0.153718911987 0.138234247612 0.193168044206 13.3378803606 
0.0984379542657 0.0966726710585 0.0764843636387 0.2060040428 0.226064155485 11.6975229038 
0.0264711924953 0.164915580679 0.245776221824 0.119165891085 0.186938584018 13.7932968832 
0.0887277726907 0.0737280289069 0.236043268551 0.063637306162 0.11742007481 10.1920328391 
0.144844821518 0.0551282054154 0.171366365661 0.0160156171347 0.0956906325828 7.15753987997 
0.142848904334 0.0463241583774 0.0147874387402 0.201661353493 0.0532702507551 7.40914983133 
0.211914990844 0.129336012889 0.113275647522 0.0863785709116 0.0715387229785 5.5965873126 
0.182043732377 0.112928884199 0.182387195117 0.239346412318 0.147180421357 11.2722775714 
0.207079499917 0.242656857239 0.001157098456 0.199447209503 0.0528762088619 11.1601052448 
0.125240580025 0.0235843446436 0.126695686554 0.242666301332 0.0291266833035 9.87614305183 
0.013872022867 0.152760345002 0.199707631937 0.170764286164 0.0087008400964 10.211611983 
0.0770016748669 0.186160183424 0.137977595793 0.191452278215 0.23219434532 14.0232333384 
0.125023749587 0.00115795501673 0.0194182490163 0.181096480229 0.0577772847611 6.78241813463 
0.0812846225787 0.0323946070748 0.110132266384 0.177005137847 0.19617678057 9.94171866464 
0.199261243264 0.203658095734 0.174585800536 0.089492401016 0.169194968568 10.1918805806 
0.23601492423 0.132845604517 0.247823553518 0.0930854194638 0.00530609282041 8.71849160857 
0.115110244578 0.120920469507 0.0194412321856 0.10016319228 0.159696005173 7.72424104076 
0.0412687381906 0.15288592513 0.243193966925 0.100439414227 0.0481136898859 10.4515656162 
0.0430951395623 0.119697039784 0.0912782138699 0.0154687302298 0.111646032286 6.71268348909 
0.203532635425 0.142404851825 0.0570392269694 0.140814631183 0.193302610685 9.05364176123 
0.105956004726 0.221417713554 0.0933332037254 0.209094378856 0.0165412750246 11.5566404373 
0.0158788290471 0.158389329933 0.11682352194 0.234165358108 0.249802064625 15.0496788416 
0.0731663773429 0.173647452934 0.0400671871223 0.173751828888 0.207976651704 12.1124160368 
0.228402368602 0.178508423896 0.0035399681085 0.071488787453 0.197808461724 9.02583880876 
0.0852962286465 0.135390416827 0.158965372357 0.0615625515076 0.0311185566707 6.99779656575 
0.112975714759 0.00529931638499 0.0162335388911 0.0448975111447 0.231363528273 9.14734976185 
0.12005369439 0.137750615724 0.130260894052 0.225107165797 0.236213417439 13.4090651078 
0.0223377747013 0.22702942801 0.187154720345 0.0238816540831 0.236350806895 15.7091719573 
0.159645041339 0.151607993739 0.244815156891 0.0942751827138 0.164637105441 11.8718445617 
0.220846656261 0.0411255239565 0.160678219417 0.0398288975766 0.0422280339772 5.87124900687 
0.247491249561 0.18831582051 0.232250673825 0.196158443075 0.0879011681718 10.2146307467 
0.132345220429 0.248543663194 0.0997175661801 0.111882534522 0.0303326193031 9.46904865659 
0.117703336387 0.129900006181 0.12333723217 0.106842783172 0.203970142525 10.1292487154 
0.221603693155 0.172123036932 0.167775914257 0.046515112488 0.182382061103 9.59640668086 
0.0486019660195 0.138868546156 0.00923873890145 0.224731261825 0.153130532382 11.2026423768 
0.062209486947 0.19584375584 0.113289106435 0.219749726504 0.0654527738576 11.4789225193 
0.00361304250164 0.102598719323 0.0144631435111 0.189724126301 0.155744301401 9.50545256851 
0.199685653881 0.0437437513498 0.103666641098 0.135571090452 0.050556920691 5.80409650912 
0.107151224552 0.194520736426 0.197620648449 0.101091133983 0.0399410447742 9.27440441728 
0.0959539970986 0.0712720652377 0.134287712952 0.243299658814 0.00696913867399 10.4038133029 
0.123161611037 0.0142747746175 0.166140670489 0.0793644170968 0.136738569396 8.00635946202 
0.203025840388 0.0856833979402 0.0257605166069 0.0957430352749 0.197678906212 7.92728919195 
0.150501260129 0.0437961589475 0.117551621269 0.247178764818 0.0228351305124 9.95535966297 
0.0843826625269 0.0927087142393 0.0624822581176 0.194790276909 0.150823032283 9.12969515905 
0.0563336942093 0.217172935902 0.244028894757 0.159817646598 0.188934180346 14.9109438421 
0.119486524712 0.00242740077912 0.191336343629 0.0176445378793 0.231473921054 12.4437714736 
0.00455404134134 0.0336048141946 0.153979949771 0.18480617629 0.243479746845 12.7312034556 
0.133431256805 0.191929395291 0.119569038015 0.0684236916524 0.233601094438 12.2967189654 
0.0949893885829 0.0537946700376 0.115098974304 0.0273380564358 0.0833354578836 5.60485166705 
0.196505340063 0.00534961819415 0.154409976627 0.249512929527 0.051431349548 10.511636757 
0.0923317899856 0.0839217903475 0.0105105471243 0.0982441021062 0.0367361347792 5.0613581197 
0.108673273804 0.133083328564 0.0965289743359 0.00169679209216 0.0898802575677 6.26442890779 
0.112458144527 0.00685423247203 0.236361195027 0.229022848659 0.10333212895 11.7966076119 
0.0435334876971 0.0188289461237 0.17811043888 0.129029837687 0.0581393383542 7.61901092798 
0.126623586249 0.103174394789 0.203192097232 0.0151548989652 0.183366234669 11.0608873046 
0.0399725339721 0.000310315842217 0.12639762551 0.0631772502359 0.0713296187681 5.83588592409 
0.206149157505 0.0987479406267 0.156351287871 0.0489911239745 0.0942504853449 6.42808325965 
0.240314416593 0.00795406881388 0.00154843727034 0.0253892443663 0.207280515369 8.09053194258 
0.00573313367124 0.173863860466 0.207945893177 0.175699584718 0.0413697658557 10.9234902608 
0.149660698573 0.153428885966 0.232843281194 0.20833165999 0.207930413832 13.8348183198 
0.143446750329 0.205711994767 0.193907231882 0.185560986597 0.126006928978 11.4309436298 
0.164177393256 0.212412388299 0.114205109041 0.147212937332 0.141025627328 9.97223372744 
0.138344613886 0.234681439816 0.149617214971 0.148401019297 0.0346932282195 9.92024411491 
0.194838121853 0.0637377787154 0.13470401349 0.245678213814 0.184677745798 11.3384449294 
0.00733001007804 0.0301651934611 0.121978619815 0.139085494039 0.0577867863721 6.68501068638 
0.159904931981 0.0854957556191 0.0269408153829 0.194043288113 0.191713495525 9.64677615142 
0.22004601286 0.141586691441 0.187845189946 0.0472872560024 0.0611213285297 6.95723817655 
0.00798739666279 0.15065663178 0.00310298186886 0.0340128827464 0.190804095968 9.65085121126 
0.120704132215 0.106077853589 0.191156846496 0.176173050341 0.146158270828 10.2541158366 
0.156602585306 0.073722529502 0.121470234449 0.150972797492 0.20998301901 10.0099807813 
0.156821640776 0.174532200596 0.129789422633 0.0108901360682 0.198162446887 10.2884141371 
0.117347055338 0.0307506463699 0.141232366538 0.0258857156596 0.0329460378126 5.50947289019 
0.129231133241 0.0880118992849 0.183674128401 0.0277641044347 0.107688416877 7.95189079368 
0.0523060562831 0.214917615038 0.00503025508303 0.017762960484 0.0317081522181 8.27076075775 
0.179478062976 0.199991686785 0.248413963359 0.0285662254382 0.157799637411 12.55483403 
0.0564821510302 0.120183957548 0.13346413545 0.00909736737458 0.0175339763554 6.22045282114 
0.063637549651 0.168188857957 0.222033193813 0.0554303196164 0.15358090743 11.7830705121 
0.137037550439 0.0112120095251 0.138641111446 0.211328264614 0.184226081619 10.6491118169 
0.073723156646 0.125985709146 0.228659410793 0.00516157580959 0.182415449389 12.7362662636 
0.0675986970648 0.238543287319 0.0210230800795 0.0383151979086 0.0629056882673 9.45642394791 
0.16642801756 0.0211807501261 0.158550665463 0.190152105038 0.0876703774534 8.50900280671 
0.148281933834 0.203481093384 0.216565900865 0.193836540764 0.201014040633 13.815997331 
0.0975506786816 0.209149245639 0.0597678340136 0.245300110682 0.103757327086 12.9376896453 
0.102614300927 0.226698084995 0.244317634245 0.187948922334 0.217509973502 15.9928367989 
0.222706975323 0.200768050841 0.0762645829886 0.165298546524 0.138550318953 8.98808238348 
0.172320282045 0.0714882741889 0.191171480398 0.0649312844146 0.0978756585889 7.67006595118 
0.109376525483 0.0695587587412 0.0396867358705 0.143975911244 0.0156981051724 5.79740689867 
0.235433703297 0.0581966150717 0.206866714011 0.170623416769 0.0131550247162 8.58915654706 
0.0499643443525 0.236077356213 0.14648917115 0.192547528111 0.145637550381 13.2520057253 
0.0619425991794 0.138878120564 0.171741941771 0.102399184208 0.0213469251961 7.80433618556 
0.109177249075 0.171476425581 0.0721458143878 0.0604489565505 0.112079880902 7.43301145167 
0.0944483807074 0.1795397295 0.212079596014 0.196273579423 0.0232820872388 11.2177632702 
0.143093172864 0.216397957116 0.082461804384 0.150572545377 0.177029165739 11.3269224577 
0.132202150041 0.0846552771228 0.00620810705284 0.100947037346 0.0735977979182 5.25852958037 
0.0906415356621 0.180687966817 0.184661533651 0.17087544066 0.106920701635 10.6107290248 
0.245742033016 0.188176557243 0.230817974111 0.168070317894 0.0743190258619 9.49309330564 
0.173800944546 0.186129828092 0.2372915259 0.179084339882 0.0353895501679 10.6469276994 
0.16897416087 0.17002655084 0.197140400075 0.166392827871 0.0417913079447 9.19686702319 
0.0141816365457 0.0936956583166 0.0227686834034 0.167393432673 0.165213302846 9.00204656347 
0.0237542032981 0.162176229874 0.221313224834 0.140027183146 0.162506211002 12.2866936344 
0.0741705123352 0.00529041299045 0.0890061776311 0.0889622792706 0.174651328076 7.73509828962 
0.0183688159585 0.00279648492006 0.149083412029 0.0626804466498 0.124580029814 7.40292785109 
0.215574456055 0.152286879576 0.220170833072 0.0671662227569 0.177177749139 10.8283244608 
0.136929277813 0.11050685176 0.152425175561 0.031630110637 0.037803734005 6.14262984203 
0.235271913932 0.0613729432333 0.0200510738016 0.247436036063 0.246440083885 12.5556817154 
0.0595671951985 0.178420878987 0.19450925913 0.240236460466 0.169381751379 13.8334895199 
0.0873777468527 0.135584393678 0.192013928215 0.235716250692 0.00399641721752 11.6888499229 
0.0573483610427 0.14722878019 0.0148096724805 0.0985221387175 0.0919948519695 7.1191387916 
0.182043840068 0.216019400683 0.172526066683 0.189122371902 0.10136427028 10.5242849269 
0.0417449673914 0.104423235336 0.0659640918035 0.0116042133016 0.208268401634 9.26437527674 
0.170481735595 0.11690531131 0.249554872178 0.0563788965914 0.100903457891 10.2159651666 
0.131785146138 0.233585274186 0.181186515576 0.110278616712 0.0974367800943 10.4086838838 
0.0708166991997 0.0806120582221 0.0780276464886 0.148638240799 0.21636337133 10.1727749925 
0.240285400235 0.0438821523099 0.183177480796 0.0571494434142 0.177951152109 9.45907528012 
0.0830297254444 0.125621566384 0.112017733083 0.168941493761 0.191212423247 10.5124081829 
0.0558692335108 0.227738731936 0.182996741415 0.0617617793965 0.00844577679542 9.88249332719 
0.231354692963 0.160604476041 0.117055369035 0.162947987481 0.0254849017243 6.98266830388 
0.0818361080634 0.0849166684401 0.0968253133825 0.0647276899423 0.123660569436 6.51948590024 
0.0109135643513 0.0752739305218 0.03297963159 0.162822734128 0.152700929758 8.31703901981 
0.18609709772 0.247135132735 0.175908868766 0.239408697057 0.096828719327 12.8231626231 
0.0438968119096 0.00484898413193 0.0359780676226 0.049863208367 0.0783735430772 4.67846337508 
0.188541653223 0.0655921388842 0.206793832871 0.142661155442 0.193627106923 11.0867043709 
0.010134601005 0.193755870764 0.229225799147 0.0559489898069 0.104470442624 11.5677779719 
0.240639365258 0.00705794050237 0.160208770234 0.12403976461 0.213502711545 10.7515246294 
0.0603520563339 0.230977740485 0.136856078793 0.00581503117234 0.14934875104 11.3193798597 
0.0620270873675 0.196266966825 0.179979140524 0.032242216448 0.0562618311647 9.14330042211 
0.160492236982 0.0308110812585 0.0172466346367 0.0618905575231 0.240534144972 9.50130326847 
0.161994748264 0.0120967855759 0.205778318048 0.0402776068786 0.205475355634 11.6345563376 
0.11572593585 0.239170010438 0.0999519694034 0.12210523367 0.213854039033 13.4367499758 
0.230796914634 0.234636927994 0.020345882334 0.192298252999 0.153837265292 11.2470770283 
0.00811096581076 0.169076505957 0.173121438382 0.220344626676 0.21480379832 14.2995396924 
0.127959647851 0.229169144569 0.0106028327022 0.216662158312 0.231898874229 15.7613084281 
0.0447125826826 0.00309347919633 0.147816750486 0.175591001305 0.0245043820433 7.86471924194 
0.112207479738 0.00100886561584 0.224845512993 0.0975339733656 0.0602891412281 8.74890698652 
0.00417701806649 0.0492947453853 0.0612053967116 0.141250074816 0.188482692338 8.83357865141 
0.00517982549904 0.00651016806529 0.0796883402576 0.00334561287211 0.0945059525003 5.34936270104 
0.144769746335 0.123970392811 0.191710178852 0.171674176459 0.069893546502 8.99285343901 
0.115143243485 0.0901645819352 0.191105379767 0.0484897800542 0.237094457497 12.6346900908 
0.245790671699 0.0844437094841 0.170014213109 0.0397629621789 0.224931361836 10.7291805744 
0.0349189841307 0.0611032053567 0.142175959436 0.202824513305 0.0188454394207 8.84385051857 
0.20070521788 0.23443160296 0.234301426641 0.10900859447 0.0642037384141 10.1574634238 
0.106525596178 0.125939872433 0.228742045415 0.135065497777 0.24268752616 14.472386823 
0.108809041273 0.117899238693 0.0396665724074 0.102809221787 0.0688083273542 5.85481564448 
0.200454510439 0.1275344671 0.114798413429 0.239528731979 0.0607147855493 9.62084609171 
0.247415176608 0.216123964831 0.239019334179 0.163845866965 0.0511636781621 9.75505683284 
0.14705046998 0.122163893814 0.0725736665639 0.183803890977 0.133489246248 8.54925384931 
0.0917171278024 0.226474192544 0.224194324241 0.000586511202069 0.17137621789 13.9524488114 
0.0361235847426 0.158910423499 0.216994983416 0.0398177655908 0.0682619462119 9.78186237985 
0.124971565102 0.0450400044795 0.0747740567945 0.178603669616 0.0563463819338 6.87721350908 
0.109843587377 0.127379192885 0.0753071727808 0.0751189540885 0.00599426972326 5.42540615017 
0.249706860518 0.18932903365 0.153450594536 0.144070535574 0.129927443282 8.30918643217 
0.0388286390402 0.127034164544 0.240937312611 0.139715234836 0.00113358559681 10.3320790349 
0.0360667133062 0.158165137813 0.130577409655 0.101509624606 0.132567378746 8.98415582711 
0.218159660976 0.0585980119613 0.242255400181 0.128050154835 0.10376643978 9.79213417851 
0.0522214601629 0.244407061491 0.229007482354 0.0579755964665 0.0768694953421 12.2006960692 
0.133757080061 0.237707972407 0.24780131972 0.0297220473382 0.123387255769 12.9311888139 
0.230647237663 0.086270259669 0.141307133311 0.17246495641 0.150923753613 8.54431281721 
0.220906356506 0.153726942348 0.224072095676 0.0956531638048 0.0932014858653 8.77466761833 
0.20093551447 0.19769455748 0.0983709128978 0.0994255500062 0.0410027765697 6.63492524022 
0.19719281158 0.212604092623 0.0608539234606 0.0405290741677 0.236648319903 11.7677896803 
0.0779125459934 0.205409962723 0.175949904129 0.15908179368 0.133760913595 11.4483182655 
0.196261834189 0.239096447321 0.232348265873 0.00254078852105 0.120940225531 11.6283257198 
0.137522327161 0.237236217765 0.206149795025 0.131647452181 0.0114142998367 10.520772807 
0.222198891619 0.0624807663522 0.0964839595381 0.119069006371 0.112431737165 6.12070176335 
0.18533791463 0.0141626747191 0.0262316160498 0.192860275264 0.185770905105 9.24425580143 
0.124757118199 0.0840249499859 0.124228842848 0.0772796621769 0.171550881 8.1891182485 
0.0830542205262 0.188090696378 0.155183869532 0.159455857979 0.128878470352 10.5414812931 
0.220152081262 0.104141522381 0.246950489197 0.111009825868 0.055408529526 9.08852444969 
0.217162251636 0.0180877296198 0.164393300375 0.201141849013 0.128343540814 9.49373395158 
0.0820605406967 0.225593176929 0.196428122451 0.0489730132364 0.115183874276 11.1833543227 
0.224916224168 0.056936539975 0.112696917897 0.233956768032 0.0870037089709 9.06587815602 
0.114259528067 0.247374523763 0.0524064754494 0.0859182395842 0.0695070696395 9.66044323226 
0.0275696316242 0.0528736263514 0.151279210262 0.0427041298399 0.0317394304851 6.08450496462 
0.00433411821508 0.229353303318 0.110875988677 0.140612887687 0.235704017568 15.0225928088 
0.234963963054 0.086475219314 0.111045736055 0.0540067407094 0.0699280359576 4.89807942251 
0.0309989696815 0.180010214027 0.00318800133086 0.217364864642 0.242781834851 15.0563929635 
0.205415902222 0.15549638793 0.0226250927409 0.0893219575739 0.000998916104396 5.20668675848 
0.0712124824837 0.171032024808 0.189867580026 0.195025887087 0.043105574193 10.7180827616 
0.197763709451 0.23265475773 0.162197569756 0.140113583204 0.101376358901 9.55094291918 
0.20034098788 0.194373062765 0.0387867196938 0.125271893793 0.065167966606 7.1331778515 
0.21086147796 0.0860226890403 0.0898366913381 0.236106321087 0.0320369890777 8.97857198243 
0.105990319751 0.0552132363722 0.210603024052 0.0480488886314 0.136107979426 9.51412993066 
0.239933820423 0.130573766342 0.0942640564722 0.096696603926 0.0654568128593 5.18497665063 
0.167189990802 0.00608696834323 0.0621779375927 0.148860504531 0.248841971225 10.960177785 
0.0250360824913 0.0854081785694 0.0753811641691 0.0327229808158 0.191136677485 8.44556815564 
0.212134770393 0.0934108832519 0.0635814118305 0.10079648787 0.121365375611 5.83614501273 
0.196587759089 0.0131032005921 0.246804198642 0.0311388130309 0.0839297211151 10.0503228243 
0.0929486054195 0.0999736007237 0.124606536389 0.0615060355855 0.20998075214 9.89081477175 
0.228437806779 0.219606867214 0.00873986415062 0.116639034479 0.157519139152 9.35603970476 
0.161683647106 0.0833428770613 0.212299911252 0.207782174069 0.0605077920799 10.0128675448 
0.0693792143796 0.0875893955378 0.124525978085 0.118704753917 0.239888715554 11.4558094954 
0.165958627642 0.231745296807 0.0642476666369 0.0994903990817 0.00597166828706 8.06433608412 
0.110831690261 0.138107860189 0.0422587010719 0.184389292301 0.195367109461 10.6912514899 
0.129949364869 0.11445564911 0.237228762815 0.0111464557002 0.128428590455 10.926042979 
0.177722126378 0.086369286993 0.171562478002 0.231498903787 0.241292270472 13.38705259 
0.242439223529 0.0468204345583 0.0822862995992 0.0409650314471 0.0358307162236 4.13376159123 
0.0566352562029 0.0373741900261 0.100046335607 0.203581630219 0.237034494908 11.9232248768 
0.0491757783623 0.00293921376825 0.107471669447 0.0379916972734 0.0117195542192 4.85559662749 
0.0724348114962 0.227213783436 0.12834061607 0.0030604888694 0.188846173892 12.3106189215 
0.183417628646 0.215130177669 0.013780632446 0.225881015709 0.158975639984 12.5131800076 
0.110277557052 0.238697860776 0.0966167062262 0.21797916251 0.186441815742 14.3711826719 
0.126372056283 0.0569451173605 0.084811125996 0.202998755318 0.157291595759 9.14011775429 
0.11731428898 0.212447597994 0.0490847545752 0.0373238597946 0.0699178495611 7.77095711498 
0.0233301114363 0.178496511012 0.0158729266974 0.0308596087273 0.0574613087021 7.14176177178 
0.238538494093 0.0789679158464 0.191499645908 0.0867112918968 0.0597963305295 6.92053922079 
0.179326170599 0.0987017468692 0.104155030311 0.0203487935127 0.245178779717 10.5822909651 
0.0988995803513 0.0794885934016 0.243111139427 0.0488701737024 0.0622789466903 9.59900357013 
0.0057827658298 0.0918166259495 0.0965509669464 0.0171997922521 0.0741727642665 5.76630790981 
0.243187385416 0.101912688468 0.157854718572 0.227549839511 0.140886409016 9.94283596918 
0.116918484802 0.133714226208 0.15576627942 0.0251219667506 0.095753199667 7.44063645797 
0.0392078357893 0.218916522952 0.224422806686 0.0484321551724 0.152041104357 13.1220021862 
0.0973007027058 0.14386398022 0.00791157873432 0.048354241336 0.105798939377 6.56391583458 
0.201284560975 0.0175074238726 0.161192885367 0.15439933495 0.220966671062 11.1982530199 
0.0174992755648 0.0367988763193 0.180366741647 0.138183867887 0.0342133812838 7.7843972129 
0.0225813010506 0.108655161307 0.200550601227 0.210529011394 0.0660646398198 10.6919903409 
0.135583766394 0.0612441145062 0.157383764092 0.0801297417603 0.101572389865 6.94051377138 
0.113425933816 0.00973695928986 0.173968584905 0.217530875023 0.0769989325729 9.68034207394 
0.197166411743 0.087477659377 0.0230492814194 0.086142964595 0.00618317305848 4.25982791618 
0.112355163153 0.0140664775707 0.0866964477326 0.137684181723 0.222892894999 9.93945489143 
0.0371085352382 0.0327415437944 0.199336292744 0.101109593227 0.119882501809 8.92026298838 
0.0288428517847 0.0458710152473 0.10839073803 0.100301913558 0.0378265674554 5.65173340482 
0.0805511241259 0.181442016945 0.0922677383243 0.0180357430599 0.207471775146 11.0167643836 
0.210848133786 0.211679805011 0.059053110526 0.0809263977528 0.148216672303 8.39757936135 
0.0632259694653 0.00901987245287 0.151076938837 0.0935782521024 0.0809870953722 6.70668015551 
0.0218025987773 0.0580766152382 0.00174646724643 0.0201828787943 0.138436908505 6.07863507815 
0.111111342365 0.074387862086 0.132409848744 0.0121709346815 0.13026173111 7.06591120809 
0.158870830926 0.209734727912 0.147487510636 0.230398653351 0.147100795168 12.3633586108 
0.194239961626 0.160527082308 0.0210337006146 0.109276907597 0.0960327383798 6.50753106859 
0.0394228447712 0.245862986309 0.135395475857 0.229597117497 0.0768697177388 13.8845197862 
0.145361585575 0.0260369366282 0.0442990715577 0.0351647918204 0.20978224746 8.17534049096 
0.221817304997 0.0472528995043 0.0946759759159 0.00777498778868 0.206744858661 8.44435679288 
0.0875491474226 0.163954513372 0.128972939748 0.215182213045 0.095835048181 10.5785633283 
0.036250222301 0.0348047989857 0.101156278383 0.0223562150154 0.10616890094 5.8664781458 
0.143860701949 0.136351118056 0.0980230448088 0.150803606388 0.0887725718778 7.41172130512 
0.0522250696704 0.157973304402 0.0214244828628 0.0553758816667 0.056395728789 6.45457226756 
0.151060297198 0.121387617832 0.237735550545 0.00172868475328 0.207787200414 13.6323675874 
0.100398272883 0.0448377713777 0.0702981346282 0.171938731149 0.18887512569 9.1856160897 
0.123490617103 0.127311608984 0.0688058727054 0.0220188131965 0.0246089206569 4.97392920272 
0.139067183073 0.155461385477 0.245804928616 0.0746153617096 0.0637725502783 10.0037256168 
0.17076659839 0.110788673486 0.185092225271 0.0710516583269 0.0163991732018 6.80651100037 
0.232133234321 0.172663019325 0.172454391605 0.104298347042 0.129604024069 8.17216173792 
0.219314751221 0.000164863710986 0.101793018484 0.0721399200346 0.0616561921789 5.24312541882 
0.165736714098 0.0457105358492 0.167818775111 0.136460950155 0.148741786922 8.69075440192 
0.041504157232 0.212220285964 0.150887719635 0.151104776958 0.182503195325 12.7288056936 
0.0607035271947 0.223088631844 0.125564804067 0.0082747298048 0.180739036364 11.8921294223 
0.0741182319709 0.232313292466 0.00759898332867 0.195209152943 0.1164926776 12.8617361727 
0.000744607142799 0.062940658122 0.110367006414 0.145464291527 0.0602144658271 6.85560107801 
0.0660213249643 0.0335693555343 0.212028538658 0.177135469492 0.101623633761 9.87818288437 
0.216051701354 0.0600236681603 0.0344288442324 0.211951995145 0.0539454744879 7.61470919084 
0.0980272529785 0.201504010301 0.229488400741 0.0336978943795 0.0277360309656 10.3354050637 
0.0288718017656 0.00204555873506 0.0657884638919 0.230050983261 0.00629492665788 9.14998273489 
0.0263844054381 0.0763436556117 0.200572799494 0.0702870085302 0.161064124798 10.1971247878 
0.214951647941 0.0239044821893 0.177877616304 0.0640022548634 0.0366608545575 6.52529049158 
0.220111091158 0.185106282801 0.208926692938 0.0895332422751 0.162338269518 10.2372972332 
0.0342808027423 0.0841083814714 0.0667538579102 0.00520172950156 0.21833226742 9.44177265126 
0.118906711211 0.052798183378 0.13980215602 0.0723834969247 0.0830934841968 6.18600240506 
0.161358127329 0.100243231076 0.00893367737732 0.00379725535715 0.102880483495 5.097828492 
0.194258627886 0.190541876742 0.204268107093 0.0842106224662 0.21613939772 12.4829761974 
0.032081628229 0.181203725673 0.185811790794 0.160412870257 0.0185201640088 10.1515347717 
0.106880398745 0.00307361542031 0.0059218675527 0.163526816841 0.0435367311706 6.19103592158 
0.069904120514 0.128576639948 0.129244364887 0.116950767802 0.0874607787767 7.51211688736 
0.145187847641 0.0449867331133 0.226227851001 0.0910795306662 0.0714736301375 8.70986757783 
0.216358873457 0.0719568764936 0.07502725284 0.129840471625 0.187166222296 8.0825522097 
0.161376894377 0.0010358498864 0.0600677629756 0.0756697428095 0.152291893231 6.52985737105 
0.123534284445 0.238708798003 0.0630513911866 0.134614551621 0.226822428886 14.0333915446 
0.0668381380874 0.174835851249 0.231604223636 0.21996386053 0.0229911048739 12.5255177699 
0.0584574824464 0.0104062591023 0.211791257419 0.0542134179615 0.2238319656 12.7555588478 
0.0597721100834 0.240746875731 0.0120833807236 0.247951083019 0.0217863345628 15.1359592656 
0.233732615981 0.153372268383 0.231669112627 0.00727466844151 0.180140737969 11.6456636879 
0.238101043867 0.193226586688 0.0559921063983 0.206346794349 0.00378408590752 8.93138235418 
0.170113984843 0.0484880957404 0.225754891053 0.16521984317 0.00912056260038 9.25799349952 
0.0220520320868 0.247182715826 0.010640100657 0.115560333072 0.246503811608 16.3933865635 
0.0298120394204 0.192611286134 0.117273195716 0.166533573411 0.232066156393 13.8949318924 
0.110070752149 0.203293665497 0.0554562760854 0.00273268185362 0.0405570152871 7.15272465904 
0.0277031732628 0.0376329564127 0.0952028218261 0.133373275963 0.0290191015509 6.01461291747 
0.211976382866 0.102206557202 0.0804596287151 0.173808214564 0.0475993465008 6.60368830284 
0.129807660494 0.134041278659 0.0641630848183 0.0096593739155 0.0921177343228 5.80039212568 
0.247866394963 0.00129131225098 0.036119295729 0.108473209796 0.190468681432 8.12117795876 
0.0126275379297 0.232138776707 0.0370107491417 0.182142635448 0.166906191954 13.6269403381 
0.0786547143632 0.0902986650947 0.108161369907 0.233099628517 0.219644788088 12.4021281753 
0.182168903021 0.194983202348 0.245457711737 0.0997722442249 0.129826356374 11.2107289407 
0.0216246913041 0.0771977597188 0.108227630005 0.136801993827 0.240344718809 11.4604823312 
0.233840534854 0.212769861332 0.132616938075 0.0550766347779 0.222373629602 11.0656499482 
0.241673066103 0.0304049075776 0.238190026922 0.119087375925 0.0948803299282 9.6194497381 
0.168537251118 0.223695461644 0.0916839020769 0.222372649627 0.232940385348 14.6560521949 
0.145054551834 0.00884419338595 0.22812455352 0.21431024722 0.0922249738974 10.9892802318 
0.106805990943 0.107793138262 0.0761311694351 0.10614048062 0.0142895634424 5.59935986872 
0.0469310672513 0.0652595499452 0.0872366747527 0.154740378769 0.0663467767698 6.76035471363 
0.00556156490324 0.0694922268349 0.130760085836 0.116418514312 0.201452246355 9.9764485121 
0.164634362322 0.0495031704882 0.188888651319 0.156665982753 0.0836002689855 8.30902850916 
0.166280693179 0.240773917762 0.0987920600929 0.00944382023835 0.215764192473 12.4253089404 
0.217239547458 0.20721899882 0.244974789872 0.24922957204 0.183639200183 14.0746918574 
0.151067683423 0.0201928757828 0.23942046615 0.230902110486 0.159713450813 12.7091458203 
0.181192953726 0.122764106984 0.241990588925 0.107517102354 0.171972510213 11.5820438972 
0.0458136672054 0.147611368858 0.0159383536522 0.154355435996 0.0686706548187 8.0171734072 
0.0762152050351 0.0978310311185 0.148883195814 0.029379452801 0.219138233583 10.8909966274 
0.164481044407 0.229673908807 0.132046997788 0.0500301585151 0.14914707708 9.93824452376 
0.0653073313522 0.00715142344215 0.235197358676 0.0578371352902 0.0407030572969 9.00239617054 
0.104874733693 0.124343057536 0.245037537034 0.0628852597701 0.154927388365 11.8514876696 
0.234090862871 0.129929496662 0.231011329031 0.215150739544 0.149841765792 11.390311258 
0.00584194333206 0.0967082681769 0.135009663725 0.0194770535831 0.0170886319209 6.05555731197 
0.0496062204092 0.145255424685 0.203443421594 0.0782941936217 0.0503090392303 8.81323208642 
0.123845403852 0.0317502727613 0.196950157656 0.217414033127 0.0825838739336 10.1441435778 
0.174085459048 0.0809665003017 0.149375557525 0.000486430679566 0.0193972918906 5.63101741422 
0.0622628502957 0.126055138804 0.0604116107565 0.232293234922 0.1863198048 11.7860076834 
0.153939693797 0.198994438442 0.2384567428 0.0519734599698 0.201042316877 13.7997908875 
0.200874595715 0.00307052943535 0.122190687936 0.0159772369716 0.239154857968 10.7105369469 
0.0248939602048 0.179302516798 0.0939474165354 0.0650649133794 0.00431871293174 7.21034614432 
0.095477788274 0.139555725823 0.190699568153 0.224632901313 0.0695531658049 11.0287814519 
0.194583897712 0.189554097926 0.150867129116 0.0260410581871 0.0320858784483 6.69692002798 
0.182085773421 0.0841484845177 0.100342500085 0.00345355530262 0.230361117466 9.75050953044 
0.0749102822549 0.155486584331 0.20223466745 0.00134107454779 0.161833845838 11.3949247812 
0.242240780265 0.179077882281 0.0129249345968 0.225819149333 0.0746448897824 9.45580700234 
0.249882479938 0.0501260320738 0.125080843557 0.104823764847 0.108116670778 6.28790308422 
0.21473366257 0.142984127534 0.206933540143 0.0720434600536 0.140347842106 9.16959348287 
0.121963766616 0.174938799711 0.212552119345 0.236814313835 0.136890270374 12.8522097183 
0.189819252077 0.0512251330923 0.141811199618 0.107075543226 0.0752228129233 6.21355806856 
0.0557836226471 0.239181743921 0.181822555823 0.0542996855155 0.207484755632 14.3885593182 
0.140462343439 0.226273498014 0.0417589377416 0.0904559401842 0.231261771985 13.1213324239 
0.144715111457 0.0373595022294 0.217691554861 0.0752112931392 0.159309527503 10.269092363 
0.197356901705 0.203062927281 0.176376011344 0.0766427418783 0.12015845889 8.84335272421 
0.241995457019 0.100425954552 0.0927015414293 0.0116785587916 0.00744600001466 4.04787274103 
0.199530679558 0.0796942052495 0.103486406975 0.0696701087947 0.102995053957 5.57034904573 
0.241129332133 0.11304139066 0.155317856276 0.206610501063 0.116709640427 8.91673282677 
0.0295793406718 0.0588021265939 0.177719300355 0.0457074874556 0.208655285491 11.0735589391 
0.116040545887 0.0318977287373 0.11962293077 0.173603512252 0.12581333688 8.07012912655 
0.123132030383 0.023853220703 0.100892237103 0.101110037461 0.0151255889767 5.18143241203 
0.191989109554 0.127356328542 0.0172611234407 0.0333092779736 0.186319640031 7.67297963861 
0.0986038874508 0.0830712344864 0.0681298877795 0.167691551671 0.087742294076 7.14129504854 
0.058917132717 0.0618654963521 0.17405741761 0.159095444875 0.23203888739 12.3264090565 
0.0122756795608 0.0630590964183 0.0114813088075 0.055746081948 0.192049790712 8.00283005838 
0.125834987257 0.181195455875 0.0215636802761 0.218935098895 0.0431940424062 10.5242929424 
0.0670157647902 0.157538193436 0.163388745888 0.106417254293 0.166540472489 10.3858736483 
0.11977485483 0.191305147869 0.108702909621 0.0660055692182 0.128072390256 8.57111369538 
0.244019851189 0.0378283341661 0.0916761382013 0.0437897262573 0.0863085597579 4.93564951826 
0.0195254986758 0.190581859296 0.245259540136 0.0641637971098 0.100871850309 11.9828101562 
0.0719091141232 0.240230368623 0.117813251421 0.102070526689 0.0119109121072 9.68764062756 
0.149179940301 0.105771575038 0.191140108606 0.0294816976048 0.152099883781 9.34754367015 
0.223982030295 0.219505082255 0.118260321014 0.0374066088812 0.225295017639 11.3418100056 
0.236839522059 0.0715868942072 0.0768189339385 0.021170928813 0.0544606899313 4.10779863604 
0.0483517979244 0.0124682724091 0.189857720573 0.120978924962 0.187202673931 10.6181091694 
0.197413322628 0.0776057462858 0.0935602072173 0.179641894117 0.112778711537 7.47354557459 
0.226736942857 0.087017106021 0.121886617782 0.215304411206 0.0118442531533 8.38892528471 
0.130749340467 0.0137120361155 0.050578192307 0.105272899844 0.171363668364 7.30940160558 
0.13555961036 0.19721935301 0.175354370662 0.0965813875191 0.0504299469113 8.55082810306 
0.249554115618 0.0779011900753 0.0624474326192 0.125280954498 0.166560473337 7.14921238189 
0.148828440517 0.0656409011884 0.0855064139494 0.0700402096451 0.095561677736 5.36243968377 
0.138675619747 0.246408654341 0.0490086507151 0.142241612398 0.13282774316 11.3478755131 
0.0202599352191 0.109979341858 0.052638292135 0.0277784196343 0.0192425811105 5.05629812993 
0.191355843572 0.215017923868 0.0127060780794 0.0341116703116 0.236728334954 12.1372180712 
0.198691392323 0.104903479317 0.040341249775 0.0192987567904 0.22304913996 8.82984080946 
0.0492721777324 0.139683389936 0.191953300085 0.195412480409 0.113127193801 10.8778072919 
0.10004883401 0.18942772796 0.189450874999 0.138153211229 0.0658263824693 9.7083095268 
0.144945539136 0.221623852109 0.101330248629 0.225404228991 0.165269822062 12.9803776564 
0.127036183644 0.0115936561064 0.0836739796312 0.152455953674 0.0923008711984 6.58955450059 
0.10049778132 0.110063770484 0.0445504294078 0.164902586429 0.170824556681 9.03308252849 
0.0307515095993 0.0471918741746 0.0913587190179 0.0572545459271 0.211467697756 9.14349232728 
0.0420951137143 0.0835590513114 0.233836208376 0.232631552369 0.0447807442362 11.923912463 
0.236959122107 0.0959449769358 0.247959999681 0.229935060084 0.199049345362 13.3912588542 
0.169423399257 0.0666121613129 0.118035949471 0.167818144074 0.0893605222541 7.20822043257 
0.202387945923 0.0756329191601 0.205912383183 0.192588197959 0.0807146964964 9.34699069757 
0.211359639242 0.219146250041 0.0138420394144 0.11698463725 0.0842120648365 8.00631523583 
0.0129442060932 0.190046740319 0.204994800042 0.0615988491581 0.0481949993646 9.83575241998 
0.0425979792042 0.141302563539 0.205258131258 0.208041925489 0.0847242330014 11.2161810238 
0.146175899275 0.105836806463 0.219841141305 0.163881105933 0.0196666843724 9.24322011545 
0.117288958484 0.0197380054446 0.234354413604 0.0346698778583 0.0433735086002 8.95455771251 
0.207215689417 0.0131150217146 0.157059855645 0.0604877038381 0.119570094643 7.21785347361 
0.0400841612565 0.17207188188 0.0497265345683 0.203765543724 0.0723564247765 10.2371872294 
0.196331517958 0.237459776042 0.049626170934 0.169108223638 0.11393974294 10.2875791498 
0.0139574971187 0.131967870211 0.230696090391 0.172612614738 0.0374140262192 10.7186801469 
0.157084899463 0.145150604389 0.12450276284 0.188139467163 0.0172263969222 8.40158925017 
0.23074266418 0.0782055862468 0.248085262655 0.226816299991 0.0309966663144 11.295108078 
0.210847304501 0.186063453419 0.145798137017 0.209840216137 0.234835434042 13.0775043654 
0.153441974596 0.129353357442 0.172380761241 0.200900360997 0.228859805652 12.8240173475 
0.0583533981668 0.0444782761176 0.172130646425 0.102503986931 0.0393245660507 6.96859057624 
0.125521247491 0.226689469896 0.177541955842 0.171409845874 0.0362207721825 10.7280733418 
0.0101161724182 0.0588103994075 0.11368144725 0.0517041909999 0.169435153299 8.04144846266 
0.205587129197 0.235725610388 0.231023648066 0.140992195701 0.211072158205 13.7888257296 
0.105903127588 0.145957875865 0.00578998052598 0.0817860036077 0.00978919185093 5.86929469921 
0.0788181067284 0.227240885494 0.12048798143 0.0515596885423 0.00135296602449 8.61558705662 
0.201356165379 0.0459343661837 0.220187569391 0.202031080778 0.00526970787454 10.0356969174 
0.0368205556577 0.159447697803 0.23721714686 0.0529545116346 0.0471038966513 10.2952809774 
0.0320444397125 0.0233367427705 0.0212055400516 0.184770042775 0.153421900206 8.42612585971 
0.129255656024 0.152075938284 0.210879849169 0.188692997231 0.00877778385153 10.2676732253 
0.093927269287 0.223149422298 0.0877917405602 0.0287025045903 0.0234934305108 8.03345823859 
0.0751569236192 0.0417946332136 0.0735901227476 0.171648270034 0.217921426325 10.2796805307 
0.238896597269 0.21237737778 0.248832675933 0.222207478597 0.0290744184366 11.541858874 
0.0339968097194 0.124521247502 0.0546146442452 0.20069509885 0.186286088851 10.9479608377 
0.19444129617 0.0639219212683 0.240416489087 0.117529432193 0.107803545167 9.7744731407 
0.070726817638 0.20886491289 0.0315679210671 0.182940612052 0.216542594377 13.9274458371 
0.225457928768 0.157565461593 0.14157756552 0.247986406403 0.229065880971 13.1180048485 
0.104697910668 0.0497278630143 0.223304410771 0.0798519822335 0.106088590646 9.26562671417 
0.0841026036184 0.0934622472341 0.00500118117749 0.0879301195078 0.0377662018897 5.09321094837 
0.187186856119 0.175773280019 0.120796071787 0.0969592942478 0.099975641514 7.21612773718 
0.182033211319 0.000964789670019 0.191351825278 0.0394900233711 0.0770201912933 7.57890648596 
0.153979614098 0.245641576795 0.0255082713898 0.0656614146156 0.115031847758 9.80266905968 
0.229972482996 0.148702446217 0.0900599691163 0.245385065351 0.185610042709 11.2971536416 
0.159501599515 0.18365990659 0.0128940306422 0.151946172331 0.221867389932 11.8682230195 
0.179285600532 0.0333268677734 0.24005755983 0.0581193778746 0.0481599199426 8.98294935028 
0.11492650355 0.00813622101227 0.0476700911094 0.129673369957 0.106484664697 6.08789636232 
0.138659294852 0.0630107491296 0.0801528976778 0.110683642201 0.0937183483443 5.77963602231 
0.118247897947 0.240910207613 0.241601718895 0.109243160721 0.226422040747 16.1008118719 
0.203276774497 0.145876155854 0.0303362228711 0.159543639237 0.245169163634 11.4558851961 
0.0987493192526 0.223336339029 0.156589323162 0.129827043622 0.0249206851114 9.70001815461 
0.240323943202 0.15614599954 0.242804385185 0.0399012789917 0.160329366339 11.079303728 
0.0432737760846 0.0818175087622 0.20286218814 0.0639033003782 0.167645922376 10.4844197002 
0.0491063420549 0.0125731794754 0.0677659404707 0.135040225506 0.089843969778 6.17827479825 
0.00256992607069 0.170616514623 0.211180339475 0.124997992503 0.0252583206818 9.952054692 
0.0224476781029 0.0334550413755 0.0274715805758 0.138265776071 0.127018556696 6.81143283531 
0.118365417656 0.128534067095 0.0989398536749 0.116413868225 0.0888972617812 6.82479279634 
0.0230791350251 0.0776190226904 0.106442654911 0.0407428942593 0.0137248684654 5.22745497135 
0.186246732817 0.12663522941 0.229055163839 0.163455356864 0.00352469205358 9.3879004635 
0.197609651883 0.0328657432057 0.0699093190239 0.242463636772 0.238703838891 12.3768780285 
0.213817856831 0.20539653582 0.0673533232968 0.0455512204611 0.112443245697 7.02966889916 
0.0336877838697 0.110423414066 0.0186285148336 0.240718167031 0.128866636104 10.7440577691 
0.0640307953331 0.217468380641 0.218156126163 0.0936945185299 0.187750006488 13.8087281045 
0.0674733844386 0.220448396287 0.162535519773 0.0955466157666 0.106135346891 10.3748731034 
0.210450965043 0.107593090502 0.00786904125604 0.245721088715 0.0666314188419 9.41389780966 
0.00920188275454 0.133627241796 0.0888747841139 0.173493846095 0.0036010467512 8.34566373355 
0.0150039680553 0.142598013913 0.0733025067401 0.248952172369 0.00240154340852 11.7237592449 
0.0820403964714 0.118172033148 0.0692100353956 0.0879831454447 0.0559220309425 5.7897896045 
0.207840242864 0.209245515907 0.0750205663601 0.152823587052 0.110500581546 8.60695694042 
0.00467398895233 0.184906434505 0.205064609485 0.0105514002865 0.0644003370937 10.1165464082 
0.00856354191386 0.013936270698 0.143316765978 0.0809543240081 0.16261751912 8.40203081395 
0.0739230557938 0.183520476755 0.0825811526661 0.247985939745 0.0762458495214 12.1788341169 
0.246672002299 0.197451327967 0.0248653156034 0.178272901346 0.0664895840511 8.00030825116 
0.0654011050644 0.0143744064317 0.238792186105 0.0918005200589 0.131456417634 10.5862708299 
0.0363510531405 0.112613421946 0.21475716056 0.109606022094 0.0351400676271 8.90404255414 
0.0498346704353 0.0943772855778 0.0373297945245 0.145015686999 0.0514933828864 6.46146814084 
0.183812179343 0.115669328421 0.214410351357 0.218743685647 0.178814675361 12.0877518859 
0.156194816975 0.0108530376236 0.111367132491 0.153864362301 0.198596830464 9.51295098714 
0.0227598102245 0.202422476823 0.0130954710179 0.103825168314 0.0647452024674 8.88814200641 
0.227193556996 0.108208201267 0.0273869064245 0.147752660669 0.0573293718876 5.6966526798 
0.180111775669 0.144222398188 0.244432397336 0.061327481226 0.0218572915963 9.14022285523 
0.208754089642 0.212201531774 0.169305548294 0.180340905883 0.0553115515908 9.34893484793 
0.209680057659 0.0612341921976 0.145054107271 0.174668604346 0.00373715182982 7.376334188 
0.14395177827 0.143727491001 0.210400337522 0.186782894875 0.238278370811 14.031885401 
0.162848753854 0.00687779535338 0.208363272603 0.11349237373 0.089661680186 8.55844813638 
